 % site name FEH3    component: U    
 % Time [Year], Uplift [mm], error [mm]
 2011.00273785    -5.722     3.700
 2011.00547570    -5.454     3.700
 2011.00821355    -5.125     3.643
 2011.01095140    -6.911     5.096
 2011.01368925    -1.916     3.988
 2011.01642710     5.206     4.069
 2011.01916496     2.376     4.126
 2011.02190281     5.500     4.357
 2011.02464066     0.910     3.782
 2011.02737851    -1.506     3.838
 2011.03011636     2.251     3.920
 2011.03285421    -2.828     3.838
 2011.03559206     2.351     3.700
 2011.03832991     4.700     3.700
 2011.04106776     2.765     3.838
 2011.04380561    -2.462     3.931
 2011.04654346    -4.264     3.838
 2011.04928131    -7.083     3.988
 2011.05201916    -5.885     3.782
 2011.05475702    -4.768     3.700
 2011.05749487    -8.545     3.643
 2011.06023272    -3.991     3.700
 2011.06297057    -6.296     3.700
 2011.06570842    -2.568     3.700
 2011.06844627    -3.182     3.700
 2011.07118412     1.031     3.782
 2011.07392197    -2.937     3.700
 2011.07665982    -3.414     3.700
 2011.07939767    -2.550     3.700
 2011.08213552    -4.519     3.643
 2011.08487337    -2.573     3.700
 2011.08761123     0.300     3.700
 2011.09034908    -1.890     3.700
 2011.09308693    -6.688     3.643
 2011.09582478    -2.180     3.700
 2011.09856263     1.729     3.700
 2011.10130048    -1.681     3.700
 2011.10403833    -2.125     3.700
 2011.10677618    -3.851     3.700
 2011.10951403    -7.027     3.643
 2011.11225188    -6.097     3.700
 2011.11498973    -4.591     3.643
 2011.11772758    -2.671     3.700
 2011.12046543    -1.030     3.700
 2011.12594114     0.655     4.208
 2011.12867899     2.186     4.577
 2011.13141684    -2.831     4.151
 2011.13415469    -4.373     4.151
 2011.13689254    -3.193     4.151
 2011.13963039    -3.971     3.782
 2011.14236824    -6.679     3.782
 2011.14510609    -3.973     3.838
 2011.14784394    -2.422     3.700
 2011.15058179    -2.914     3.700
 2011.15331964    -2.369     3.700
 2011.15605749    -0.894     3.643
 2011.15879535    -2.178     3.700
 2011.16153320    -2.421     3.562
 2011.16427105    -5.531     3.700
 2011.16700890    -7.039     3.562
 2011.16974675    -0.411     3.643
 2011.17248460     0.888     3.700
 2011.17522245     1.246     3.700
 2011.17796030    -2.027     3.562
 2011.18069815    -0.291     3.643
 2011.18343600    -0.349     3.562
 2011.18617385     3.136     3.700
 2011.18891170     3.274     3.700
 2011.19164956     4.618     3.643
 2011.19438741     2.263     3.643
 2011.19712526     6.020     3.643
 2011.19986311     0.796     3.700
 2011.20260096    -2.168     3.700
 2011.20533881    -1.860     3.700
 2011.20807666    -0.031     3.700
 2011.21081451    -2.252     3.643
 2011.21355236    -5.654     3.643
 2011.21629021    -5.600     3.700
 2011.21902806    -6.002     3.782
 2011.22176591    -2.468     3.700
 2011.22450376    -5.459     3.643
 2011.22724162    -4.123     3.700
 2011.22997947    -0.449     3.700
 2011.23271732     2.044     3.700
 2011.23545517     1.239     3.700
 2011.23819302    -0.738     3.643
 2011.24093087    -0.138     3.562
 2011.24366872    -2.217     3.643
 2011.24914442    -0.312     3.782
 2011.25188227     0.555     3.643
 2011.25462012     1.798     3.700
 2011.25735797    -6.383     3.562
 2011.26009582    -1.155     3.700
 2011.26283368    -0.623     3.700
 2011.26557153    -2.890     3.700
 2011.26830938    -0.068     3.700
 2011.27104723    -6.060     3.700
 2011.27378508    -6.290     3.700
 2011.27652293    -7.868     3.782
 2011.27926078    -7.242     3.700
 2011.28199863    -4.432     3.562
 2011.28473648    -6.230     3.643
 2011.28747433    -8.819     3.643
 2011.29021218    -7.876     3.700
 2011.29295003    -9.088     3.700
 2011.29568789    -9.662     3.643
 2011.29842574    -4.902     3.643
 2011.30116359    -1.825     3.643
 2011.30390144   -10.183     3.700
 2011.30663929    -6.454     3.643
 2011.30937714    -5.591     3.562
 2011.31211499    -3.107     3.643
 2011.31485284    -8.692     3.700
 2011.31759069    -6.830     3.700
 2011.32032854    -4.475     3.643
 2011.32306639    -8.838     3.562
 2011.32580424    -4.947     3.562
 2011.32854209     0.576     3.562
 2011.33127995     0.234     3.643
 2011.33401780    -1.301     3.562
 2011.33675565     2.012     3.643
 2011.33949350    -0.798     3.643
 2011.34223135    -5.118     3.643
 2011.34496920    -6.491     3.700
 2011.34770705    -0.993     3.700
 2011.35044490    -5.002     3.643
 2011.35318275    -5.649     3.700
 2011.35592060    -4.350     3.700
 2011.36139630    -0.081     3.700
 2011.36413415    -0.069     3.700
 2011.36687201     1.961     3.700
 2011.36960986     0.661     3.700
 2011.37234771     1.561     3.700
 2011.37508556     0.145     3.700
 2011.37782341    -0.506     3.700
 2011.38056126     1.738     3.838
 2011.38329911    -3.068     3.782
 2011.38603696    -2.007     3.700
 2011.38877481    -0.097     3.838
 2011.39151266    -3.177     3.700
 2011.39425051     1.151     3.700
 2011.39698836    -1.213     3.700
 2011.39972621     0.378     3.700
 2011.40246407     2.449     3.782
 2011.40520192     1.752     3.700
 2011.40793977     0.894     3.700
 2011.41067762     0.850     3.700
 2011.41341547    -3.313     3.700
 2011.41615332    -5.521     3.700
 2011.41889117    -6.855     3.700
 2011.42162902    -3.201     3.700
 2011.42436687    -2.970     3.700
 2011.42710472    -5.870     3.700
 2011.42984257    -0.589     3.838
 2011.43258042     4.915     4.947
 2011.43531828     0.696     3.700
 2011.43805613     2.888     3.700
 2011.44079398    -4.314     3.700
 2011.44353183    -3.584     3.700
 2011.44626968    -0.823     3.700
 2011.44900753     0.278     3.700
 2011.45174538    -0.609     3.700
 2011.45448323    -4.592     3.700
 2011.45722108    -4.485     3.700
 2011.45995893     2.998     3.700
 2011.46269678     3.634     3.700
 2011.46543463     1.060     3.700
 2011.46817248    -0.530     3.838
 2011.47091034     3.244     3.782
 2011.47364819    -0.378     3.700
 2011.47638604     3.369     4.439
 2011.47912389    -0.891     3.700
 2011.48186174    -3.460     3.700
 2011.48459959    -5.720     3.700
 2011.48733744    -1.712     3.700
 2011.49007529    -1.578     3.700
 2011.49281314    -1.796     3.700
 2011.49555099     4.524     3.838
 2011.49828884    -3.113     3.700
 2011.50102669    -4.491     3.782
 2011.50376454    -6.214     3.838
 2011.50650240     0.695     4.208
 2011.50924025    -0.018     3.782
 2011.51197810     3.659     3.838
 2011.51471595    -3.019     3.782
 2011.51745380    -0.952     3.838
 2011.52019165    -3.250     3.700
 2011.52292950    -5.865     3.700
 2011.52566735    -3.402     3.700
 2011.52840520    -2.740     3.700
 2011.53114305    -2.827     3.782
 2011.53388090    -0.326     3.700
 2011.53661875     1.181     3.782
 2011.53935661     3.703     3.700
 2011.54209446     8.583     3.700
 2011.54483231     4.539     3.782
 2011.54757016     4.312     3.700
 2011.55030801    -1.118     3.700
 2011.55304586     1.501     3.700
 2011.55578371     5.375     3.700
 2011.55852156     3.416     3.700
 2011.56125941     1.528     3.700
 2011.56399726     2.037     3.700
 2011.56673511    -4.848     3.700
 2011.56947296    -3.626     3.700
 2011.57221081    -5.383     3.700
 2011.57494867    -0.362     3.700
 2011.57768652    -1.200     3.782
 2011.58042437    -0.328     3.838
 2011.58316222     4.266     3.838
 2011.58590007    -2.154     3.700
 2011.58863792    -5.908     3.782
 2011.59137577    -7.260     3.700
 2011.59411362    -5.231     3.838
 2011.59685147    -4.010     3.838
 2011.59958932     3.740     3.838
 2011.60232717     1.346     3.700
 2011.60506502     7.028     3.838
 2011.60780287    -3.531     3.700
 2011.61054073    -2.259     3.838
 2011.61327858    -0.391     3.838
 2011.61601643    -4.120     3.782
 2011.61875428    -6.025     3.838
 2011.62149213    -1.868     3.782
 2011.62422998    -4.484     3.700
 2011.62696783    -2.829     3.700
 2011.62970568    -4.807     3.782
 2011.63244353     2.274     3.782
 2011.63518138    -0.493     3.700
 2011.63791923   -10.465     3.920
 2011.64065708    -6.188     3.782
 2011.64339493    -6.619     3.920
 2011.64613279    -4.190     3.838
 2011.64887064    -3.239     3.700
 2011.65160849    -3.191     3.920
 2011.65434634    -2.647     3.838
 2011.65708419    -0.300     3.782
 2011.65982204     2.429     3.782
 2011.66255989    -1.169     3.931
 2011.66529774     1.476     3.838
 2011.66803559    -4.186     3.838
 2011.67077344    -2.422     3.700
 2011.67351129    -3.058     3.700
 2011.67624914    -5.412     3.782
 2011.67898700     1.482     3.700
 2011.68172485     3.568     3.700
 2011.68446270     5.345     3.782
 2011.68720055     1.405     3.838
 2011.68993840     3.312     3.782
 2011.69267625    -1.841     3.782
 2011.69541410    -0.268     3.838
 2011.69815195     3.411     3.782
 2011.70088980     8.295     3.838
 2011.70362765     2.206     3.838
 2011.70636550    -0.375     3.782
 2011.70910335    -7.043     3.782
 2011.71184120     1.931     3.782
 2011.71457906     1.245     3.782
 2011.71731691    -2.014     3.782
 2011.72005476    -1.860     3.782
 2011.72279261    -4.102     3.782
 2011.72553046    -1.619     3.782
 2011.72826831    -0.328     3.782
 2011.73100616    -1.795     3.782
 2011.73374401    -7.995     3.700
 2011.73648186    -5.457     3.782
 2011.73921971   -11.428     3.700
 2011.74195756    -9.647     3.700
 2011.74469541    -9.522     3.700
 2011.74743326    -6.481     3.782
 2011.75017112    -8.535     3.782
 2011.75290897    -4.673     3.782
 2011.75564682    -3.351     3.920
 2011.75838467    -3.491     3.782
 2011.76112252     3.368     3.782
 2011.76386037     2.392     3.782
 2011.76659822    -1.779     3.700
 2011.76933607    -8.285     3.782
 2011.77207392    -2.642     3.782
 2011.77481177    -3.618     3.700
 2011.77754962    -1.982     3.782
 2011.78028747    -7.295     3.700
 2011.78302533   -13.878     3.700
 2011.78576318   -13.234     3.700
 2011.78850103   -11.717     3.700
 2011.79123888    -6.297     3.643
 2011.79397673    -7.008     3.643
 2011.79671458     1.899     3.700
 2011.79945243     3.172     3.782
 2011.80219028    -4.127     3.700
 2011.80492813    -4.337     3.643
 2011.80766598    -6.763     3.643
 2011.81040383    -5.910     3.643
 2011.81314168    -6.888     3.643
 2011.81587953    -1.317     3.700
 2011.81861739    -9.570     3.700
 2011.82135524   -10.466     3.643
 2011.82409309    -7.185     3.643
 2011.82683094    -6.446     3.643
 2011.82956879    -5.185     3.700
 2011.83230664     2.512     3.700
 2011.83504449    -5.379     3.643
 2011.83778234    -2.899     3.643
 2011.84052019     1.884     3.700
 2011.84325804    -2.751     3.782
 2011.84599589   -12.107     3.643
 2011.84873374    -6.985     3.643
 2011.85147159    -2.208     3.700
 2011.85420945    -8.757     3.643
 2011.85694730    -1.666     3.643
 2011.85968515    -6.990     3.643
 2011.86242300    -7.814     3.643
 2011.86516085    -9.464     3.643
 2011.86789870    -5.415     3.643
 2011.87063655    -5.554     3.643
 2011.87337440    -3.372     3.643
 2011.87611225    -1.151     3.643
 2011.87885010    -2.651     3.643
 2011.88158795     0.927     3.643
 2011.88432580     1.635     3.643
 2011.88706366    -1.659     3.643
 2011.88980151    -2.240     3.643
 2011.89253936    -3.328     3.643
 2011.89527721    -0.984     3.782
 2011.89801506    -1.461     3.643
 2011.90075291    -8.738     3.700
 2011.90349076     2.087     3.700
 2011.90622861     6.610     3.782
 2011.90896646    -3.208     3.700
 2011.91170431     4.447     3.700
 2011.91444216    -1.694     3.782
 2011.91991786     0.596     3.700
 2011.92265572     5.880     3.782
 2011.92539357    10.433     3.920
 2011.92813142     6.803     3.700
 2011.93086927     3.438     3.700
 2011.93360712     3.606     3.700
 2011.93634497    -0.299     3.700
 2011.93908282     7.708     3.782
 2011.94182067     3.684     3.782
 2011.94455852     1.882     3.700
 2011.94729637    -1.311     3.700
 2011.95003422     8.299     3.782
 2011.95277207     5.238     3.643
 2011.95550992     4.898     3.700
 2011.95824778     1.150     3.700
 2011.96098563    -1.414     3.562
 2011.96372348     0.504     3.562
 2011.96646133     0.919     3.562
 2011.96919918     2.781     3.700
 2011.97193703    -5.935     3.562
 2011.97467488    -6.377     3.562
 2011.97741273     0.709     3.643
 2011.98015058    -7.505     3.700
 2011.98288843     3.154     3.700
 2011.98562628    -1.739     3.643
 2011.98836413    -8.046     3.643
 2011.99110198    -5.184     3.643
 2011.99383984     3.140     3.643
 2011.99657769    -3.931     3.643
 2011.99931554     0.008     3.643
 2012.00205339    -2.139     3.643
 2012.00479124    -5.520     3.643
 2012.00752909     0.512     3.700
 2012.01026694     4.920     3.700
 2012.01300479     3.097     3.643
 2012.01574264    -7.839     3.562
 2012.01848049    -2.498     3.643
 2012.02121834    -8.304     3.562
 2012.02395619    -6.382     3.700
 2012.02669405   -10.941     3.562
 2012.02943190    -5.854     3.562
 2012.03216975     0.174     3.562
 2012.03490760    -5.324     3.562
 2012.03764545   -10.459     3.562
 2012.04038330   -10.192     3.643
 2012.04312115    -5.938     3.643
 2012.04585900    -5.221     3.562
 2012.04859685    -6.573     3.643
 2012.05133470    -5.244     3.562
 2012.05407255    -8.155     3.562
 2012.05681040    -6.011     3.643
 2012.05954825    -4.313     3.643
 2012.06228611    -4.065     3.700
 2012.06502396    -7.974     3.562
 2012.06776181    -6.498     3.562
 2012.07049966    -5.069     3.562
 2012.07323751    -9.115     3.643
 2012.07597536    -5.406     3.643
 2012.07871321    -7.217     3.562
 2012.08145106    -7.895     3.562
 2012.08418891    -9.594     3.562
 2012.08692676   -10.679     3.782
 2012.08966461    -8.208     3.643
 2012.09240246    -8.671     3.562
 2012.09514031   -11.370     3.562
 2012.09787817    -6.715     3.562
 2012.10061602    -4.989     3.643
 2012.10335387    -6.633     3.700
 2012.10609172    -4.972     3.643
 2012.10882957    -8.776     3.700
 2012.11156742    -4.647     3.643
 2012.11430527    -4.887     3.700
 2012.11704312    -2.697     3.700
 2012.11978097     1.792     3.700
 2012.12251882     6.555     3.700
 2012.12525667     3.297     3.700
 2012.12799452     2.744     3.643
 2012.13073238    -0.739     3.700
 2012.13347023     0.407     3.700
 2012.13620808     0.876     3.700
 2012.13894593    -3.872     3.700
 2012.14168378    -0.992     3.782
 2012.14442163    -1.079     3.782
 2012.14715948     2.035     3.700
 2012.14989733    -0.995     3.643
 2012.15263518    -2.465     3.643
 2012.15537303    -7.582     3.643
 2012.15811088    -3.219     3.700
 2012.16084873     1.521     3.643
 2012.16358658    -4.281     3.700
 2012.16632444    -3.833     3.643
 2012.16906229    -1.549     3.700
 2012.17180014    -3.673     3.643
 2012.17453799    -2.458     3.700
 2012.17727584    -3.278     3.643
 2012.18001369    -3.955     3.643
 2012.18275154     2.459     3.643
 2012.18548939    -2.963     3.643
 2012.18822724    -1.854     3.700
 2012.19096509    -3.310     3.643
 2012.19370294    -6.837     3.562
 2012.19644079    -4.661     3.643
 2012.19917864    -3.717     3.562
 2012.20191650    -6.506     3.643
 2012.20465435    -5.079     3.562
 2012.20739220    -2.165     3.562
 2012.21013005    -4.092     3.700
 2012.21286790    -2.201     3.700
 2012.21560575    -5.315     3.562
 2012.21834360    -6.140     3.562
 2012.22108145   -11.916     3.562
 2012.22381930   -10.692     3.618
 2012.22655715    -6.196     3.643
 2012.22929500    -7.285     3.562
 2012.23203285    -6.872     3.562
 2012.23477070    -7.013     3.562
 2012.23750856    -9.038     3.562
 2012.24024641    -4.175     3.562
 2012.24298426    -1.775     3.643
 2012.24572211    -8.049     3.643
 2012.24845996    -2.934     3.562
 2012.25119781    -2.496     3.562
 2012.25393566    -3.430     3.562
 2012.25667351    -2.044     3.562
 2012.25941136    -6.006     3.643
 2012.26214921    -3.685     3.562
 2012.26488706     1.521     3.562
 2012.26762491    -2.802     3.562
 2012.27036277    -2.266     3.562
 2012.27310062     3.321     3.700
 2012.27583847     2.425     3.562
 2012.27857632     1.403     3.562
 2012.28131417    -5.526     3.700
 2012.28405202    -3.577     3.562
 2012.28678987    -2.045     3.562
 2012.28952772     0.639     3.562
 2012.29226557    -4.093     3.562
 2012.29500342     4.618     3.562
 2012.29774127     6.714     3.562
 2012.30047912     3.037     3.562
 2012.30321697     2.394     3.562
 2012.30595483     2.198     3.643
 2012.30869268     0.443     3.562
 2012.31143053    -1.901     3.562
 2012.31416838    -1.014     3.700
 2012.31690623     3.806     3.700
 2012.31964408    -0.023     3.643
 2012.32238193    -2.579     3.700
 2012.32511978    -1.579     3.562
 2012.32785763    10.747     5.928
 2012.33059548    -2.393     3.643
 2012.33333333    -4.657     3.782
 2012.33607118     1.699     3.700
 2012.33880903     2.016     3.700
 2012.34154689     2.318     3.562
 2012.34428474     1.131     3.562
 2012.34702259    -2.590     3.562
 2012.34976044    -0.810     3.700
 2012.35249829    -2.157     3.562
 2012.35523614    -1.520     3.700
 2012.35797399    -1.169     3.643
 2012.36071184    -0.287     3.643
 2012.36344969    -4.396     3.700
 2012.36618754    -5.195     3.562
 2012.36892539    -1.844     3.562
 2012.37166324    -2.706     3.562
 2012.37440110    -0.975     3.562
 2012.37713895     0.614     3.562
 2012.37987680    -2.318     3.700
 2012.38261465     0.790     3.700
 2012.38535250    -0.959     3.700
 2012.38809035    -3.036     3.643
 2012.39082820     0.265     3.643
 2012.39356605     0.520     3.700
 2012.39630390    -2.537     3.700
 2012.39904175    -3.173     3.700
 2012.40177960    -0.399     3.562
 2012.40451745     0.421     3.562
 2012.40725530     4.896     3.562
 2012.40999316     1.686     3.643
 2012.41273101    -1.581     3.562
 2012.41546886     2.174     3.562
 2012.41820671    -0.873     3.562
 2012.42094456    -3.938     3.643
 2012.42368241    -0.224     3.562
 2012.42642026     1.009     3.562
 2012.42915811    -3.044     3.562
 2012.43189596    -2.033     3.562
 2012.43463381     0.086     3.562
 2012.43737166     1.407     3.643
 2012.44010951    -1.481     3.700
 2012.44284736    -0.187     3.562
 2012.44558522     1.089     3.562
 2012.44832307    -1.751     3.562
 2012.45106092    -0.777     3.562
 2012.45379877    -4.094     3.562
 2012.45653662    -4.787     3.562
 2012.45927447     0.726     3.700
 2012.46201232    -1.106     3.643
 2012.46475017    -3.439     3.643
 2012.46748802    -1.993     3.562
 2012.47022587    -5.273     3.700
 2012.47296372    -4.342     3.562
 2012.47570157     0.158     3.700
 2012.47843943     2.110     3.562
 2012.48117728    -1.017     3.562
 2012.48391513     4.038     3.562
 2012.48665298    -0.756     3.562
 2012.48939083    -0.621     3.562
 2012.49212868    -1.489     3.562
 2012.49486653    -1.696     4.069
 2012.49760438    -0.056     3.562
 2012.50034223     0.878     3.643
 2012.50308008    -2.114     3.643
 2012.50581793    -2.055     3.700
 2012.50855578    -3.262     3.562
 2012.51129363    -4.274     3.700
 2012.51403149    -0.595     3.700
 2012.51676934     4.481     3.643
 2012.51950719    -0.440     3.700
 2012.52224504     3.398     3.700
 2012.52498289     0.925     3.562
 2012.52772074     6.981     3.562
 2012.53045859     5.763     3.562
 2012.53319644     7.772     3.562
 2012.53593429     2.417     3.700
 2012.53867214     1.877     3.700
 2012.54140999     1.654     3.643
 2012.54414784    -1.255     3.643
 2012.54688569     1.477     3.562
 2012.54962355     0.524     3.643
 2012.55236140    -3.642     3.700
 2012.55509925    -0.296     3.562
 2012.55783710    -5.155     3.562
 2012.56057495    -4.927     3.643
 2012.56331280    -7.014     3.562
 2012.56605065    -7.419     3.700
 2012.56878850    -5.272     3.643
 2012.57152635     1.285     3.700
 2012.57426420     2.465     3.700
 2012.57700205     0.804     3.643
 2012.57973990     0.086     3.700
 2012.58247775     0.444     3.643
 2012.58521561    -1.051     3.562
 2012.58795346    -0.033     3.700
 2012.59069131    -9.086     3.643
 2012.59342916    -5.114     3.700
 2012.59616701     5.805     3.643
 2012.59890486    -0.817     3.700
 2012.60164271     2.814     3.700
 2012.60438056     2.344     3.700
 2012.60711841    -6.206     4.289
 2012.60985626    -6.720     3.562
 2012.61259411    -6.530     3.562
 2012.61533196    -4.253     3.643
 2012.61806982    -4.985     3.562
 2012.62080767    -7.447     3.562
 2012.62354552    -6.829     3.562
 2012.62628337    -0.460     3.700
 2012.62902122    -1.749     3.562
 2012.63175907     2.519     3.562
 2012.63449692    -1.258     3.562
 2012.63723477    -6.077     3.700
 2012.63997262     1.974     3.643
 2012.64271047     1.095     3.782
 2012.64544832     3.693     3.643
 2012.64818617     2.442     3.562
 2012.65092402     4.523     3.700
 2012.65366188     3.947     3.643
 2012.65639973     2.941     3.643
 2012.65913758     0.001     3.700
 2012.66187543    -0.833     3.643
 2012.66461328     0.786     3.700
 2012.66735113    -8.820     3.643
 2012.67008898    -5.156     3.643
 2012.67282683    -2.950     3.700
 2012.67556468    -4.216     3.562
 2012.67830253    -1.473     3.700
 2012.68104038    -4.034     3.562
 2012.68377823    -3.183     3.562
 2012.68651608    -1.399     3.700
 2012.68925394    -3.604     3.700
 2012.69199179    -1.012     3.643
 2012.69472964    -5.791     3.700
 2012.69746749    -4.895     3.782
 2012.70020534     3.047     3.782
 2012.70294319     2.076     3.700
 2012.70568104     9.478     3.782
 2012.70841889     0.963     3.700
 2012.71115674     0.166     3.562
 2012.71389459    -1.150     3.700
 2012.71663244     0.149     3.700
 2012.71937029    -3.508     3.700
 2012.72210815    -2.862     3.700
 2012.72484600    -3.142     3.562
 2012.72758385    -4.458     3.643
 2012.73032170    -0.834     3.562
 2012.73305955    -3.509     3.700
 2012.73579740    -1.164     3.700
 2012.73853525     1.678     3.562
 2012.74127310    -0.745     3.643
 2012.74401095    -0.859     3.643
 2012.74674880    -3.934     3.643
 2012.74948665    -2.468     3.562
 2012.75222450    -2.646     3.700
 2012.75496235    -7.236     3.700
 2012.75770021    -3.871     3.643
 2012.76043806    -2.730     3.562
 2012.76317591    -1.926     3.643
 2012.76591376    -2.896     3.700
 2012.76865161    -7.652     3.700
 2012.77138946    -4.113     3.700
 2012.77412731    -1.850     3.643
 2012.77686516    -7.765     3.643
 2012.77960301    -3.207     3.643
 2012.78234086    -4.541     3.700
 2012.78507871    -2.976     3.643
 2012.78781656    -3.194     3.700
 2012.79055441     0.882     3.700
 2012.79329227    -4.066     3.700
 2012.79603012    -5.484     3.700
 2012.79876797    -2.237     3.643
 2012.80150582    -3.340     3.643
 2012.80424367    -8.818     3.700
 2012.80698152    -6.662     3.643
 2012.80971937    -6.395     3.643
 2012.81245722    -5.755     3.700
 2012.81519507    -3.995     3.643
 2012.81793292     1.175     3.700
 2012.82067077     0.509     3.700
 2012.82340862    -3.894     3.700
 2012.82614648     2.216     3.643
 2012.82888433     3.987     3.643
 2012.83162218     2.113     3.643
 2012.83436003     3.013     3.643
 2012.83709788     1.746     3.700
 2012.83983573     0.206     3.643
 2012.84257358     1.768     3.643
 2012.84531143     0.767     3.700
 2012.84804928    -2.439     3.700
 2012.85078713    -2.697     3.700
 2012.85352498    -2.028     3.700
 2012.85626283     0.359     3.643
 2012.85900068    -1.383     3.700
 2012.86173854    -0.582     3.700
 2012.86447639    -4.319     3.700
 2012.86721424    -4.389     3.700
 2012.86995209    -5.369     3.782
 2012.87268994     1.013     3.643
 2012.87542779    -0.385     3.700
 2012.87816564    -2.083     3.700
 2012.88090349     3.205     3.643
 2012.88364134     2.102     3.643
 2012.88637919    -1.482     3.643
 2012.88911704    -2.806     3.700
 2012.89185489    -1.749     3.700
 2012.89459274    -6.863     3.643
 2012.89733060    -5.073     3.562
 2012.90006845    -0.340     3.562
 2012.90280630    -0.966     3.700
 2012.90554415     6.228     3.700
 2012.90828200    -1.130     3.562
 2012.91101985    -3.688     3.700
 2012.91375770     0.965     3.562
 2012.91649555     1.198     3.562
 2012.91923340     0.746     3.700
 2012.92197125     1.465     3.562
 2012.92470910     6.344     3.562
 2012.92744695     6.172     3.562
 2012.93018480     5.473     3.562
 2012.93292266     2.975     3.700
 2012.93566051     2.063     3.700
 2012.93839836    -2.461     3.562
 2012.94113621     2.546     3.562
 2012.94387406    -1.457     3.562
 2012.94661191    -5.739     3.562
 2012.94934976    -3.295     3.700
 2012.95208761    -2.874     3.562
 2012.95482546     1.151     3.562
 2012.95756331     1.890     3.700
 2012.96030116     1.044     3.643
 2012.96303901    -1.710     3.700
 2012.96577687    -7.980     3.700
 2012.96851472    -8.903     3.562
 2012.97125257    -2.229     3.700
 2012.97399042    -0.280     3.700
 2012.97672827    -1.728     3.643
 2012.98220397     0.629     3.562
 2012.98494182     6.171     3.562
 2012.98767967     2.725     3.643
 2012.99041752     1.312     3.700
 2012.99315537    -1.038     3.643
 2012.99589322     0.729     3.643
 2012.99863107    -4.648     4.808
 2013.00136893     1.762     3.700
 2013.00410678     1.529     4.808
 2013.00684463    -7.220     3.700
 2013.00958248    -8.387     4.716
 2013.01505818    -7.633     3.700
 2013.01779603    -5.485     3.700
 2013.02053388    -5.840     3.618
 2013.02327173    -2.043     3.700
 2013.02600958    -7.227     4.808
 2013.02874743    -5.803     3.700
 2013.03148528    -5.976     3.700
 2013.03422313    -6.365     3.700
 2013.03696099    -6.074     4.716
 2013.03969884    -1.993     3.700
 2013.04243669     3.990     4.716
 2013.04517454    -2.522     4.382
 2013.04791239    -4.709     3.700
 2013.05065024    -1.073     3.700
 2013.05338809    -0.957     3.700
 2013.05612594     2.576     3.562
 2013.05886379    -2.448     3.700
 2013.06160164     0.372     3.700
 2013.06433949     3.726     3.700
 2013.06707734     1.168     3.700
 2013.06981520     2.317     3.700
 2013.07255305     3.455     3.700
 2013.07529090     8.835     3.700
 2013.07802875    -5.303     3.700
 2013.08076660    -2.899     3.700
 2013.08350445     1.518     3.700
 2013.08624230     3.609     3.562
 2013.08898015    -2.371     3.562
 2013.09171800    -3.060     3.562
 2013.09445585    -4.306     3.700
 2013.09719370    -6.320     3.700
 2013.09993155    -3.128     3.700
 2013.10266940     0.812     3.838
 2013.10540726    -6.962     3.700
 2013.10814511    -5.473     3.562
 2013.11088296    -9.955     3.643
 2013.11362081    -5.309     3.700
 2013.11635866    -3.314     3.700
 2013.11909651    -7.847     3.700
 2013.12183436    -7.477     3.782
 2013.12457221    -3.953     3.700
 2013.12731006    -4.223     3.700
 2013.13004791    -8.342     3.700
 2013.13278576    -5.289     3.562
 2013.13552361    -3.685     3.562
 2013.13826146    -9.769     3.562
 2013.14099932   -11.634     3.700
 2013.14373717   -11.219     3.782
 2013.14647502    -9.289     3.920
 2013.14921287    -7.950     3.782
 2013.15195072    -4.711     3.700
 2013.15468857    -7.911     3.700
 2013.15742642    -7.181     3.643
 2013.16016427    -8.470     3.700
 2013.16290212    -0.507     3.700
 2013.16563997    -2.160     3.700
 2013.16837782     1.156     3.700
 2013.17111567     0.261     3.700
 2013.17385352    -5.522     3.700
 2013.17659138    -6.739     3.700
 2013.17932923    -1.143     3.700
 2013.18206708    -0.560     3.700
 2013.18480493     2.633     3.700
 2013.18754278     0.815     3.700
 2013.19028063    -3.051     3.700
 2013.19301848    -0.739     3.700
 2013.19575633     3.877     3.700
 2013.19849418     6.113     3.700
 2013.20123203     2.986     3.700
 2013.20396988     0.780     3.700
 2013.20670773    -3.063     3.700
 2013.20944559     1.947     3.700
 2013.21218344    -0.324     3.643
 2013.21492129    -0.169     3.643
 2013.21765914     0.955     3.643
 2013.22039699    -4.830     3.700
 2013.22313484    -4.887     3.700
 2013.22587269    -3.032     3.700
 2013.22861054    -3.525     3.643
 2013.23134839    -3.206     3.643
 2013.23408624    -1.675     3.700
 2013.23682409     2.116     3.700
 2013.23956194     1.324     3.782
 2013.24229979     1.527     3.700
 2013.24503765     1.214     3.700
 2013.24777550    -1.555     3.700
 2013.25051335     2.098     3.700
 2013.25325120    -5.032     3.700
 2013.25598905    -3.659     3.700
 2013.25872690    -3.853     3.700
 2013.26146475    -2.768     3.700
 2013.26420260    -5.089     3.700
 2013.26694045    -3.568     3.782
 2013.26967830    -4.125     3.700
 2013.27241615    -0.812     3.700
 2013.27515400    -1.109     4.865
 2013.27789185    -2.662     3.838
 2013.28062971    -0.408     3.782
 2013.28336756    -4.453     3.700
 2013.28610541    -2.875     3.700
 2013.28884326    -1.180     3.782
 2013.29158111    -3.822     3.838
 2013.29431896    -5.159     3.782
 2013.29705681     0.225     3.838
 2013.29979466    -4.584     3.782
 2013.30253251    -6.929     3.700
 2013.30527036    -3.283     3.782
 2013.30800821     0.228     3.838
 2013.31074606    -3.069     3.782
 2013.31348392    -7.353     3.700
 2013.31622177    -5.888     3.700
 2013.31895962     1.261     3.700
 2013.32169747     0.438     3.782
 2013.32443532    -4.105     3.782
 2013.32717317    -2.967     3.700
 2013.32991102    -4.149     3.700
 2013.33264887    -7.825     3.700
 2013.33812457    -4.043     3.838
 2013.34086242    -1.726     3.700
 2013.34360027    -6.451     3.700
 2013.34633812    -6.498     3.700
 2013.34907598    -5.686     3.782
 2013.35181383    -2.676     3.782
 2013.35455168    -3.742     3.782
 2013.35728953    -2.495     3.838
 2013.36002738    -0.239     3.782
 2013.36276523     0.079     3.700
 2013.36550308     2.145     3.782
 2013.36824093     2.388     3.838
 2013.37097878     6.363     3.838
 2013.37371663     5.953     3.782
 2013.37645448     4.633     3.700
 2013.37919233     5.863     3.838
 2013.38193018    -0.996     3.782
 2013.38466804    -1.021     3.782
 2013.38740589     1.405     3.700
 2013.39014374     0.639     3.782
 2013.39288159     3.993     3.700
 2013.39561944    -4.464     3.838
 2013.39835729    -1.974     3.782
 2013.40109514    -2.556     3.838
 2013.40383299     3.116     3.700
 2013.40657084    -3.845     3.782
 2013.40930869    -3.044     3.782
 2013.41204654    -2.457     3.782
 2013.41478439    -6.563     3.700
 2013.41752225    -7.967     3.838
 2013.42026010    -4.755     3.700
 2013.42299795    -4.547     3.700
 2013.42573580    -5.456     3.700
 2013.42847365    -6.722     3.700
 2013.43121150    -2.084     3.700
 2013.43394935    -4.387     3.700
 2013.43668720    -1.452     3.700
 2013.43942505    -6.022     3.700
 2013.44216290    -5.291     3.700
 2013.44490075    -2.217     3.700
 2013.44763860    -5.794     3.782
 2013.45037645     0.921     3.782
 2013.45311431    -2.700     3.700
 2013.45585216    -1.308     3.838
 2013.45859001     3.731     3.700
 2013.46132786    -1.143     3.700
 2013.46406571    -0.924     3.700
 2013.46680356    -2.837     3.782
 2013.46954141     3.381     3.782
 2013.47227926     1.980     3.920
 2013.47501711     5.459     3.782
 2013.47775496     3.110     3.838
 2013.48049281    -2.947     3.700
 2013.48323066    -2.238     3.782
 2013.48596851    -4.550     3.782
 2013.48870637    -3.328     3.782
 2013.49144422    -4.301     3.782
 2013.49418207    -0.025     3.700
 2013.49691992    -6.504     3.782
 2013.49965777    -0.490     3.782
 2013.50239562    -2.599     3.838
 2013.50513347    -0.785     3.838
 2013.50787132    -5.393     3.782
 2013.51060917    -8.526     3.700
 2013.51334702    -7.658     3.700
 2013.51608487    -7.673     3.782
 2013.51882272    -7.145     3.838
 2013.52156057    -4.245     3.782
 2013.52429843    -1.801     3.782
 2013.52703628     0.170     3.838
 2013.52977413    -9.624     3.782
 2013.53251198    -4.153     3.838
 2013.53524983    -0.645     3.782
 2013.53798768    -2.752     3.700
 2013.54072553    -4.099     3.700
 2013.54346338    -5.312     3.782
 2013.54620123    -5.796     3.782
 2013.54893908    -6.884     3.782
 2013.55167693    -4.252     3.782
 2013.55441478    -6.033     3.782
 2013.55715264    -4.741     3.700
 2013.55989049    -2.650     3.700
 2013.56262834    -4.634     3.782
 2013.56536619    -5.020     3.920
 2013.56810404    -0.793     3.838
 2013.57084189     7.209     3.838
 2013.57357974     0.286     3.838
 2013.57631759     4.002     3.838
 2013.57905544     1.186     3.920
 2013.58179329     5.237     3.782
 2013.58453114    -0.687     3.782
 2013.58726899    -0.444     3.643
 2013.59000684     3.476     3.782
 2013.59274470   -11.256     3.700
 2013.59548255    -2.555     3.931
 2013.59822040     2.842     4.439
 2013.60095825     0.842     4.069
 2013.60369610     1.775     3.931
 2013.60643395    -1.373     3.700
 2013.60917180     0.281     3.782
 2013.61190965     5.648     3.700
 2013.61464750     0.143     3.700
 2013.61738535    -3.538     3.782
 2013.62012320     0.236     3.700
 2013.62286105    -4.698     3.700
 2013.62559890     0.850     3.700
 2013.62833676     2.379     3.700
 2013.63107461    -2.299     3.920
 2013.63381246    -5.351     3.700
 2013.63655031    -1.378     3.782
 2013.63928816    -4.827     3.643
 2013.64202601    -3.411     3.643
 2013.64476386    -7.537     3.700
 2013.64750171    -6.951     3.643
 2013.65023956    -6.374     3.700
 2013.65297741     0.350     3.700
 2013.65571526    -0.225     3.700
 2013.65845311     3.619     3.700
 2013.66119097     1.073     3.838
 2013.66392882     8.556     3.700
 2013.66666667     3.582     3.700
 2013.66940452     3.217     3.700
 2013.67214237     1.510     3.700
 2013.67488022    -3.781     3.700
 2013.67761807    -3.839     3.700
 2013.68035592    -3.668     3.643
 2013.68309377    -0.771     3.700
 2013.68583162    -4.251     3.700
 2013.68856947    -5.322     3.700
 2013.69130732    -5.214     3.700
 2013.69404517    -6.101     3.700
 2013.69678303    -4.462     3.700
 2013.69952088    -7.943     3.643
 2013.70225873    -4.015     3.643
 2013.70499658     3.568     3.700
 2013.70773443     3.666     3.700
 2013.71047228     8.269     3.700
 2013.71321013     3.219     3.643
 2013.71594798     0.982     3.643
 2013.71868583    -1.288     3.700
 2013.72142368    -4.739     3.643
 2013.72416153    -6.044     3.643
 2013.72689938    -3.563     3.700
 2013.72963723    -4.518     3.643
 2013.73237509    -9.088     3.700
 2013.73511294    -6.036     3.700
 2013.73785079    -5.404     3.643
 2013.74058864    -6.475     3.643
 2013.74332649    -6.465     3.643
 2013.74606434   -11.424     3.700
 2013.74880219    -7.978     3.700
 2013.75154004    -2.585     3.643
 2013.75427789    -0.697     3.643
 2013.75701574     0.029     3.643
 2013.75975359    -5.601     3.700
 2013.76249144    -0.835     3.643
 2013.76522930    -6.037     3.643
 2013.76796715    -7.468     3.700
 2013.77070500    -2.907     3.700
 2013.77344285     1.587     3.700
 2013.77618070     2.903     3.643
 2013.77891855    -4.329     3.643
 2013.78165640    -6.435     3.700
 2013.78439425    -0.184     3.643
 2013.78713210    -6.384     3.700
 2013.78986995    -1.001     3.643
 2013.79260780     1.901     3.643
 2013.79534565     0.899     3.643
 2013.79808350    -1.265     3.643
 2013.80082136     6.157     3.643
 2013.80355921     2.566     3.782
 2013.80629706    -1.701     3.782
 2013.80903491    -1.735     3.643
 2013.81177276     5.618     3.782
 2013.81451061    -0.662     3.643
 2013.81724846    -2.101     3.643
 2013.81998631     3.563     3.700
 2013.82272416     4.158     3.700
 2013.82546201     8.148     3.643
 2013.82819986     9.037     3.782
 2013.83093771     2.212     3.643
 2013.83367556    -4.889     3.643
 2013.83641342    -0.634     3.782
 2013.83915127     0.213     3.782
 2013.84188912     7.643     3.782
 2013.84462697     8.921     3.700
 2013.84736482     6.016     3.700
 2013.85010267    -0.344     3.643
 2013.85284052     4.476     3.643
 2013.85557837    -2.182     3.643
 2013.85831622     2.950     3.700
 2013.86105407    -2.648     3.643
 2013.86379192    -4.302     3.643
 2013.86652977    -2.427     3.643
 2013.86926762   -11.430     3.643
 2013.87200548    -2.853     3.643
 2013.87474333    -3.768     3.643
 2013.87748118    -1.716     3.700
 2013.88021903    -5.054     3.643
 2013.88295688     0.073     3.643
 2013.88569473     1.023     3.782
 2013.88843258     1.326     3.643
 2013.89117043     1.325     3.643
 2013.89390828     0.559     3.643
 2013.89664613    -3.488     3.643
 2013.89938398    -3.623     3.643
 2013.90212183    -6.475     3.700
 2013.90485969    -3.819     3.643
 2013.90759754     2.642     3.643
 2013.91033539    -2.198     3.643
 2013.91307324    -5.250     3.643
 2013.91581109    -0.658     3.643
 2013.91854894     0.101     3.643
 2013.92128679    -9.883     3.700
 2013.92402464    -2.666     3.700
 2013.92676249    -0.072     3.700
 2013.92950034     1.741     3.700
 2013.93223819    -2.686     3.643
 2013.93497604    -3.754     3.643
 2013.93771389    -4.802     3.700
 2013.94045175    -7.696     3.643
 2013.94318960   -10.465     3.643
 2013.94592745    -8.921     3.643
 2013.94866530    -3.811     3.643
 2013.95140315    -3.108     3.700
 2013.95414100    -5.854     3.700
 2013.95687885    -6.836     3.643
 2013.95961670    -3.331     3.700
 2013.96235455    -5.895     3.643
 2013.96509240    -6.735     3.643
 2013.96783025     0.124     3.643
 2013.97056810   -10.020     3.700
 2013.97330595    -2.104     3.643
 2013.97604381    -1.634     3.643
 2013.97878166     1.159     3.643
 2013.98151951     8.660     3.643
 2013.98425736     4.525     3.643
 2013.98699521    -2.987     3.643
 2013.98973306     2.832     3.643
 2013.99247091    -4.123     3.643
 2013.99520876    -8.897     3.643
 2013.99794661    -6.306     3.643
 2014.00068446    -3.665     3.643
 2014.00342231    -8.702     3.643
 2014.00616016    -1.328     3.643
 2014.00889802    -3.692     3.643
 2014.01163587     3.459     3.643
 2014.01437372    -2.276     3.643
 2014.01711157    -1.129     3.700
 2014.01984942     1.313     3.700
 2014.02258727    -7.256     3.643
 2014.02532512     1.153     3.700
 2014.02806297     1.389     3.700
 2014.03353867    -6.347     3.643
 2014.03627652    -6.784     3.643
 2014.03901437   -10.256     3.643
 2014.04175222    -0.388     3.643
 2014.04449008    -4.397     3.643
 2014.04722793    -3.665     3.700
 2014.04996578    -5.341     3.643
 2014.05270363    -1.528     3.643
 2014.05544148     0.276     3.562
 2014.05817933     1.465     3.562
 2014.06091718    -1.717     3.562
 2014.06365503     1.254     3.643
 2014.06639288    -4.045     3.700
 2014.06913073     1.289     3.700
 2014.07186858     4.578     3.643
 2014.07460643     5.107     3.562
 2014.07734428     3.976     3.562
 2014.08008214     3.017     3.643
 2014.08281999    -0.989     3.562
 2014.08555784     2.301     3.562
 2014.08829569    11.794     3.643
 2014.09103354     2.900     3.700
 2014.09377139    -0.397     3.782
 2014.09650924    -1.976     3.643
 2014.09924709     8.794     3.643
 2014.10198494     9.262     3.643
 2014.10472279     9.685     3.700
 2014.10746064     7.876     3.643
 2014.11019849     7.945     3.700
 2014.11293634     7.941     3.700
 2014.11567420     3.553     3.562
 2014.11841205     5.800     3.643
 2014.12114990     8.752     3.643
 2014.12388775     0.434     3.700
 2014.12662560     7.962     3.643
 2014.12936345     7.332     3.643
 2014.13210130     0.324     3.643
 2014.13483915     1.545     3.782
 2014.13757700     3.598     3.700
 2014.14031485     8.793     3.643
 2014.14305270     1.719     3.643
 2014.14579055    -0.777     3.643
 2014.14852841    -1.669     3.643
 2014.15126626    -1.493     3.643
 2014.15400411     2.162     3.643
 2014.15674196    -6.818     3.700
 2014.15947981    -2.550     3.700
 2014.16221766     0.383     3.782
 2014.16495551    -3.814     3.700
 2014.16769336     1.253     3.643
 2014.17043121    -0.565     4.727
 2014.17316906     1.941     3.700
 2014.17590691     1.348     3.700
 2014.17864476    -0.893     3.643
 2014.18138261     0.040     3.793
 2014.18412047    -5.193     3.700
 2014.18685832    -4.657     3.643
 2014.18959617    -4.311     3.643
 2014.19233402    -6.759     3.643
 2014.19507187    -3.631     3.643
 2014.19780972    -8.213     3.700
 2014.20054757    -1.600     3.643
 2014.20328542     0.918     3.643
 2014.20602327     3.205     3.643
 2014.20876112    -3.435     3.643
 2014.21149897    -4.491     3.700
 2014.21423682    -2.667     3.643
 2014.21697467    -2.496     3.782
 2014.21971253     1.099     3.700
 2014.22245038    -4.872     3.643
 2014.22518823    -2.450     3.643
 2014.22792608    -5.266     3.643
 2014.23066393    -5.378     3.643
 2014.23340178    -8.883     3.643
 2014.23613963    -7.771     3.643
 2014.23887748    -6.485     3.643
 2014.24161533    -3.829     3.700
 2014.24435318    -6.411     3.643
 2014.24709103    -2.373     3.643
 2014.24982888    -5.120     3.782
 2014.25256674    -4.332     3.700
 2014.25530459    -1.690     3.643
 2014.25804244    -1.708     3.700
 2014.26078029     0.737     3.700
 2014.26351814    -0.919     3.700
 2014.26625599    -2.812     3.700
 2014.26899384     0.480     3.782
 2014.27173169    -3.812     3.643
 2014.27446954    -4.497     3.782
 2014.27720739    -3.540     3.782
 2014.27994524     0.237     3.643
 2014.28268309    -4.310     3.643
 2014.28542094     3.191     3.700
 2014.28815880    -5.901     3.782
 2014.29089665    -7.472     3.782
 2014.29363450    -6.342     3.643
 2014.29637235    -5.089     3.700
 2014.29911020    -2.446     3.700
 2014.30184805    -0.258     3.643
 2014.30458590    -0.309     3.782
 2014.30732375    -7.886     3.643
 2014.31006160    -4.919     3.700
 2014.31279945    -4.819     3.643
 2014.31553730    -6.627     3.643
 2014.31827515     0.678     3.643
 2014.32101300    -1.275     3.700
 2014.32375086     0.070     3.782
 2014.32648871     5.474     3.782
 2014.32922656    -3.328     3.782
 2014.33196441     0.498     3.643
 2014.33744011    -3.292     3.643
 2014.34017796     2.503     3.700
 2014.34291581    -2.359     3.643
 2014.34565366    -0.905     4.670
 2014.34839151    -2.359     3.643
 2014.35112936    -0.399     3.782
 2014.35386721     0.017     3.782
 2014.35660507     0.679     3.700
 2014.35934292     1.414     3.700
 2014.36208077     1.992     3.643
 2014.36481862    -1.357     3.643
 2014.36755647    -7.695     3.643
 2014.37029432    -7.013     3.700
 2014.37303217    -1.691     3.700
 2014.37577002    -1.354     3.643
 2014.37850787    -2.154     3.643
 2014.38124572    -1.867     3.643
 2014.38398357    -0.012     3.782
 2014.38672142    -3.013     3.782
 2014.38945927     3.219     3.700
 2014.39219713     3.650     3.782
 2014.39493498    -1.830     3.782
 2014.39767283    -1.333     3.700
 2014.40041068     5.083     3.782
 2014.40314853    -5.375     3.700
 2014.40588638   -10.309     4.301
 2014.40862423    -3.914     3.643
 2014.41136208    -3.101     3.700
 2014.41409993     1.647     3.700
 2014.41683778    -3.121     3.643
 2014.41957563    -0.138     3.643
 2014.42231348    -2.278     4.589
 2014.42505133    -2.982     3.643
 2014.42778919     4.303     3.782
 2014.43052704    -0.555     3.643
 2014.43326489    -0.943     3.700
 2014.43600274     1.006     3.782
 2014.43874059    -0.932     3.782
 2014.44147844     0.455     3.782
 2014.44421629    -3.999     3.782
 2014.44695414    -4.972     3.700
 2014.44969199     3.662     3.782
 2014.45242984    -0.868     3.643
 2014.45516769     1.062     3.643
 2014.45790554    -2.133     3.700
 2014.46064339     0.825     3.700
 2014.46338125    -2.335     3.643
 2014.46611910     1.364     3.700
 2014.46885695    -0.633     3.643
 2014.47159480    -1.234     3.700
 2014.47433265    -0.570     3.700
 2014.47980835     0.962     3.782
 2014.48254620     1.939     3.643
 2014.48528405    -3.756     3.643
 2014.49075975     3.752     3.700
 2014.49349760     1.528     3.643
 2014.49623546    -2.174     3.643
 2014.49897331    -6.592     3.643
 2014.50171116    -4.599     3.643
 2014.50444901    -1.192     3.643
 2014.50718686     2.727     3.782
 2014.50992471    -2.298     3.643
 2014.51266256    -2.160     3.725
 2014.51540041    -3.245     3.643
 2014.51813826    -3.514     3.700
 2014.52087611    -3.738     3.643
 2014.52361396    -1.083     3.643
 2014.52635181    -1.030     3.700
 2014.52908966    -0.877     3.700
 2014.53182752    -9.509     3.782
 2014.53456537    -0.447     3.643
 2014.53730322    -1.005     3.643
 2014.54004107    -4.173     3.562
 2014.54277892    -9.642     3.782
 2014.54551677    -3.293     3.700
 2014.54825462    -1.937     3.700
 2014.55099247    -4.292     3.863
 2014.55373032    -4.539     3.643
 2014.55646817    -5.291     3.643
 2014.55920602    -3.801     3.700
 2014.56194387    -5.241     3.782
 2014.56468172     5.375     3.782
 2014.56741958    -1.203     3.643
 2014.57015743     0.721     3.782
 2014.57289528     2.319     3.782
 2014.57563313    -2.416     3.643
 2014.57837098     5.403     3.782
 2014.58110883     1.252     3.643
 2014.58384668    -1.165     3.643
 2014.58658453    -2.120     3.643
 2014.58932238     2.101     3.920
 2014.59206023    -1.382     3.782
 2014.59479808    -0.210     3.782
 2014.59753593    -1.106     3.782
 2014.60027379     0.941     3.782
 2014.60301164    -2.854     3.782
 2014.60574949     2.980     3.782
 2014.60848734     0.397     3.782
 2014.61122519     5.869     3.782
 2014.61396304    -1.310     3.920
 2014.61670089     2.845     3.782
 2014.61943874     5.100     3.782
 2014.62217659     4.709     3.782
 2014.62491444     2.048     3.782
 2014.62765229     6.016     3.782
 2014.63039014     4.768     3.782
 2014.63312799     2.397     3.782
 2014.63586585     2.850     3.782
 2014.63860370    -2.786     3.782
 2014.64134155     4.517     3.782
 2014.64407940     3.356     3.700
 2014.64681725     1.981     3.782
 2014.64955510    -1.107     3.782
 2014.65229295    -6.253     3.700
 2014.65503080    -5.197     3.782
 2014.65776865    -6.458     3.700
 2014.66050650   -10.324     3.782
 2014.66324435    -1.888     3.782
 2014.66598220    -5.075     3.782
 2014.66872005    -1.114     3.643
 2014.67145791    -6.067     3.782
 2014.67419576   -11.008     3.643
 2014.67967146    -4.253     3.643
 2014.68240931    -7.022     3.643
 2014.68514716    -0.131     3.782
 2014.68788501    -1.662     4.716
 2014.69062286    -1.688     3.782
 2014.69336071    -2.838     3.643
 2014.69609856    -8.702     3.643
 2014.69883641    -9.887     3.643
 2014.70157426    -6.676     3.643
 2014.70431211    -8.680     3.782
 2014.70704997    -8.241     3.643
 2014.70978782    -5.973     3.643
 2014.71252567    -2.784     3.700
 2014.71526352    -9.360     3.643
 2014.71800137    -2.637     3.643
 2014.72073922    -1.950     3.643
 2014.72347707    -1.714     3.643
 2014.72621492    -5.293     3.643
 2014.72895277    -3.063     3.643
 2014.73169062     4.661     3.643
 2014.73442847     0.197     3.643
 2014.73716632     0.418     3.643
 2014.73990418     0.239     3.643
 2014.74264203    -2.556     3.643
 2014.74537988    -1.252     3.643
 2014.74811773    -4.044     3.700
 2014.75085558    -7.900     3.643
 2014.75359343    -8.286     3.643
 2014.75633128    -2.981     3.643
 2014.75906913    -4.361     3.643
 2014.76180698    -1.605     3.643
 2014.76454483    -3.836     3.643
 2014.76728268     3.073     3.782
 2014.77002053     4.198     3.643
 2014.77275838     5.241     3.782
 2014.77549624     2.424     3.643
 2014.77823409     0.873     3.643
 2014.78097194     1.342     3.643
 2014.78370979     2.924     3.643
 2014.78644764     2.103     3.643
 2014.78918549     3.996     3.643
 2014.79192334     4.443     3.643
 2014.79466119     8.232     3.643
 2014.79739904     3.937     3.643
 2014.80013689     4.915     3.782
 2014.80287474     5.467     3.700
 2014.80561259     3.287     3.782
 2014.80835044    -3.504     3.782
 2014.81108830     0.880     3.643
 2014.81382615     0.317     3.700
 2014.81656400     0.005     3.643
 2014.81930185    -3.148     3.700
 2014.82203970     3.528     3.700
 2014.82477755     0.941     3.782
 2014.82751540    -1.776     3.782
 2014.83025325    -4.044     3.700
 2014.83299110    -2.029     3.700
 2014.83572895    -5.205     3.700
 2014.83846680    -1.764     3.782
 2014.84120465     7.272     3.782
 2014.84394251     6.371     3.700
 2014.84668036     3.675     3.700
 2014.84941821     0.808     3.700
 2014.85215606     2.346     3.700
 2014.85489391    -0.556     3.700
 2014.85763176    -3.270     3.700
 2014.86036961     1.964     3.700
 2014.86310746    -2.526     3.700
 2014.86584531    -0.513     3.700
 2014.86858316     0.396     3.700
 2014.87132101     2.916     3.700
 2014.87405886     3.313     3.700
 2014.87679671    -0.883     3.700
 2014.87953457     0.321     3.700
 2014.88227242    -1.784     3.700
 2014.88501027    -1.061     3.700
 2014.89048597    -4.226     3.782
 2014.89322382    -2.580     3.782
 2014.89596167    -0.751     3.782
 2014.89869952    -0.696     3.782
 2014.90143737    -4.710     3.782
 2014.90417522    -1.485     3.782
 2014.90691307    -2.128     3.700
 2014.90965092    -2.881     3.700
 2014.91238877     1.928     3.700
 2014.91512663     5.526     3.700
 2014.91786448     4.127     3.700
 2014.92060233     5.596     3.700
 2014.92334018     5.920     3.643
 2014.92607803     4.588     3.700
 2014.92881588     5.533     3.700
 2014.93155373     4.436     3.643
 2014.93429158     3.457     3.700
 2014.93702943     4.340     3.643
 2014.93976728     2.456     3.700
 2014.94250513     8.832     3.700
 2014.94524298     6.420     3.782
 2014.94798084     7.688     3.700
 2014.95071869    -0.981     3.562
 2014.95345654     0.163     3.643
 2014.95619439     5.248     3.700
 2014.95893224     1.121     3.700
 2014.96167009     8.171     3.643
 2014.96440794     3.534     3.643
 2014.96714579    -0.066     3.700
 2014.96988364    -4.878     3.700
 2014.97262149    -3.653     3.700
 2014.97535934     3.059     3.618
 2014.97809719     0.457     3.700
 2014.98083504     0.080     3.700
 2014.98357290    -9.790     3.700
 2014.98631075    -4.533     3.643
 2014.98904860     0.738     3.562
 2014.99178645    -5.393     3.562
 2014.99452430    -3.845     3.700
 2014.99726215    -4.591     3.562
 2015.00000000    -5.863     3.562
 2015.00273785    -2.126     3.643
 2015.00547570     3.919     3.700
 2015.00821355    -5.218     3.700
 2015.01095140   -10.669     3.700
 2015.01368925    -8.125     3.643
 2015.01642710    -4.433     3.700
 2015.01916496    -2.829     3.700
 2015.02190281    -3.802     3.700
 2015.02464066     0.149     3.700
 2015.02737851     1.552     3.700
 2015.03011636     1.213     3.700
 2015.03285421    -1.534     3.700
 2015.03559206    -1.704     3.700
 2015.03832991    -3.612     3.700
 2015.04106776    -0.683     3.643
 2015.04380561    -0.547     3.700
 2015.04654346    -4.509     3.700
 2015.04928131    -2.891     3.700
 2015.05201916    -4.795     3.700
 2015.05475702    -6.350     3.643
 2015.05749487    -6.093     3.700
 2015.06023272    -5.190     3.700
 2015.06297057    -6.516     3.782
 2015.06570842    -3.709     3.782
 2015.06844627    -3.409     3.700
 2015.07118412    -4.856     3.700
 2015.07392197   -11.458     3.700
 2015.07665982     0.249     3.782
 2015.07939767    11.396     3.700
 2015.08213552     8.221     3.700
 2015.08487337     9.018     3.700
 2015.08761123     8.112     3.700
 2015.09034908     0.316     3.700
 2015.09308693    -1.494     3.700
 2015.09582478    -1.992     3.700
 2015.09856263    -7.021     3.700
 2015.10130048    -6.851     3.782
 2015.10403833    -0.053     3.700
 2015.10677618    -3.796     3.700
 2015.10951403    -3.139     3.700
 2015.11225188    -7.801     3.782
 2015.11498973    -9.548     3.700
 2015.11772758    -3.359     3.700
 2015.12046543    -2.300     3.700
 2015.12320329    -2.856     3.700
 2015.12594114    -7.180     3.700
 2015.12867899    -3.007     3.700
 2015.13141684    -5.616     3.700
 2015.13415469    -4.000     3.700
 2015.13689254    -1.365     3.782
 2015.13963039    -0.607     3.782
 2015.14236824     1.032     3.700
 2015.14510609     0.853     3.700
 2015.14784394     3.240     3.700
 2015.15058179    -4.179     3.700
 2015.15331964    -7.255     3.700
 2015.15605749    -6.910     3.700
 2015.15879535    -1.350     3.700
 2015.16153320    -4.261     3.700
 2015.16427105    -0.258     3.700
 2015.16700890     0.320     3.700
 2015.41067762    -5.392     3.643
 2015.41341547     3.412     3.643
 2015.41615332   -11.197     3.643
 2015.41889117     3.356     3.643
 2015.42162902    -2.337     3.643
 2015.42436687    -7.254     3.643
 2015.42710472    -4.493     3.643
 2015.42984257    -4.711     3.643
 2015.43258042    -8.703     3.643
 2015.43531828   -10.623     3.643
 2015.43805613    -4.571     3.643
 2015.44079398    -0.745     3.643
 2015.44353183    -6.634     3.782
 2015.44626968    -5.937     3.643
 2015.44900753    -6.273     3.643
 2015.45174538     0.304     3.643
 2015.45448323     0.752     3.643
 2015.45722108     0.206     3.643
 2015.45995893    -7.697     3.725
 2015.46269678    -4.297     3.782
 2015.46543463    -4.211     3.643
 2015.46817248    -5.691     3.643
 2015.47091034    -2.044     3.643
 2015.47364819    -5.236     3.643
 2015.47638604    -9.303     3.700
 2015.47912389    -8.388     3.643
 2015.48186174    -8.066     3.643
 2015.48459959    -5.407     3.643
 2015.48733744    -5.088     3.643
 2015.49007529   -10.088     3.643
 2015.49281314    -5.088     3.643
 2015.49555099    -8.320     3.725
 2015.49828884    -6.213     3.643
 2015.50102669    -8.432     3.643
 2015.50376454   -10.304     3.782
 2015.50650240    -9.186     3.782
 2015.50924025    -2.488     3.782
 2015.51197810     0.042     3.643
 2015.51471595     2.316     3.643
 2015.51745380    -2.335     3.700
 2015.52019165     0.145     3.643
 2015.52292950    -0.348     3.643
 2015.52566735    -6.880     3.782
 2015.52840520    -7.571     3.643
 2015.53114305    -5.457     3.643
 2015.53388090    -8.133     3.643
 2015.53661875    -3.283     3.643
 2015.53935661    -6.340     3.643
 2015.54209446    -5.830     3.782
 2015.54483231    -1.801     3.700
 2015.54757016    -2.209     3.643
 2015.55030801    -1.660     3.643
 2015.55304586     2.808     3.782
 2015.55578371    -8.256     3.643
 2015.55852156    -7.365     3.782
 2015.56125941    -1.499     3.643
 2015.56399726    -1.818     3.863
 2015.56673511     1.591     3.782
 2015.56947296     1.092     3.643
 2015.57221081     2.171     3.782
 2015.57494867    -0.782     3.782
 2015.57768652    -1.008     3.782
 2015.58042437    -1.966     3.782
 2015.58316222    -8.876     3.643
 2015.58590007    -7.458     3.700
 2015.58863792    -3.318     3.782
 2015.59137577     4.785     3.782
 2015.59411362    -6.683     3.782
 2015.59685147    -1.490     3.700
 2015.59958932    -1.754     3.863
 2015.60232717    -8.318     3.782
 2015.60506502    -5.414     3.782
 2015.60780287    -8.176     3.782
 2015.61054073    -7.395     3.782
 2015.61327858    -9.639     3.643
 2015.61601643    -9.845     3.782
 2015.61875428    -3.229     3.643
 2015.62149213     4.677     3.782
 2015.62422998    -6.220     3.700
 2015.62696783     5.474     3.782
 2015.62970568    -2.015     3.643
 2015.63244353    -6.765     3.643
 2015.63518138    -5.511     3.643
 2015.63791923    -3.701     3.643
 2015.64065708    -6.078     3.643
 2015.64339493    -2.825     3.643
 2015.64613279     1.254     3.643
 2015.64887064     3.132     3.782
 2015.65160849     3.365     3.643
 2015.65434634     5.007     3.700
 2015.65708419     1.524     3.643
 2015.65982204     0.176     3.700
 2015.66255989    -0.995     3.782
 2015.66529774     0.007     3.782
 2015.66803559     1.866     3.643
 2015.67077344     3.412     3.643
 2015.67351129     0.965     3.643
 2015.67624914    -2.774     3.643
 2015.67898700    -0.721     3.782
 2015.68172485    -1.602     3.643
 2015.68446270    -4.673     3.643
 2015.68720055    -7.018     3.643
 2015.68993840    -5.942     3.643
 2015.69267625    -4.255     3.643
 2015.69541410   -11.160     3.700
 2015.69815195    -0.378     3.643
 2015.70088980    -0.165     3.643
 2015.70362765    -1.753     3.643
 2015.70636550     4.067     3.643
 2015.70910335     7.224     3.643
 2015.71184120     7.437     3.700
 2015.71457906     0.509     3.643
 2015.71731691    -4.003     3.643
 2015.72005476    -0.218     3.643
 2015.72279261    -0.705     3.643
 2015.72553046     2.737     3.643
 2015.72826831    -4.622     3.643
 2015.73100616     1.412     3.643
 2015.73374401    -5.468     3.643
 2015.73648186    -7.244     3.643
 2015.73921971    -8.637     3.643
 2015.74195756   -13.043     3.725
 2015.74469541   -11.796     3.643
 2015.74743326   -10.421     3.782
 2015.75017112    -9.556     3.782
 2015.75290897    -1.302     3.643
 2015.75564682    -5.158     3.643
 2015.75838467    -6.314     3.643
 2015.76112252    -4.638     3.643
 2015.76386037    -3.779     3.643
 2015.76659822    -3.731     3.643
 2015.76933607     0.283     3.643
 2015.77207392    -1.250     3.643
 2015.77481177    -6.756     3.643
 2015.77754962    -2.015     3.643
 2015.78028747    -4.173     3.643
 2015.78302533    -3.825     3.643
 2015.78576318    -4.652     3.643
 2015.78850103    -2.519     3.643
 2015.79123888    -1.922     3.643
 2015.79397673     3.508     3.643
 2015.79671458     2.445     3.643
 2015.79945243    -3.895     3.643
 2015.80219028    -2.343     3.643
 2015.80492813     1.036     3.643
 2015.80766598     3.068     3.643
 2015.81040383     1.019     3.643
 2015.81314168    -3.377     3.643
 2015.81587953    -2.696     3.643
 2015.81861739    -4.993     3.643
 2015.82135524    -7.386     3.643
 2015.82409309    -6.413     3.643
 2015.82683094    -4.700     3.643
 2015.82956879    -7.808     3.643
 2015.83230664    -7.757     3.643
 2015.83504449    -8.152     3.643
 2015.83778234    -0.614     3.643
 2015.84325804    -1.324     3.782
 2015.84599589    -2.486     3.643
 2015.84873374    -2.902     3.725
 2015.85420945    -0.152     3.782
 2015.85694730     0.920     3.782
 2015.85968515    -0.076     3.782
 2015.86242300    -3.833     3.725
 2015.86516085    -2.668     3.725
 2015.86789870    -4.695     3.782
 2015.87063655    -6.418     3.782
 2015.87337440    -5.182     3.725
 2015.87611225    -0.820     3.725
 2015.87885010    -2.029     3.782
 2015.88158795    -2.728     3.782
 2015.88432580    -4.012     3.725
 2015.88706366    -3.980     3.725
 2015.88980151    -3.560     3.643
 2015.89253936    -7.880     3.643
 2015.89527721    -5.919     3.643
 2015.89801506     0.147     3.643
 2015.90075291    -0.669     3.643
 2015.90349076    -9.631     3.643
 2015.90622861     0.159     3.643
 2015.90896646     2.782     3.725
 2015.91170431     4.136     3.725
 2015.91444216    -2.997     3.643
 2015.91718001    -2.230     3.725
 2015.91991786    -4.321     3.643
 2015.92265572    -5.103     3.643
 2015.92539357    -1.012     3.725
 2015.92813142    -5.193     3.725
 2015.93086927     2.028     3.725
 2015.93360712   -13.679     3.725
 2015.93634497   -15.276     3.725
 2015.93908282   -17.028     3.725
 2015.94182067   -11.321     3.725
 2015.94455852   -13.003     3.725
 2015.94729637    -6.819     3.643
 2015.95003422   -12.781     3.643
 2015.95277207    -9.807     3.643
 2015.95550992   -10.822     3.643
 2015.95824778    -6.881     4.659
 2015.96098563   -10.555     4.972
 2015.96372348    -5.787     3.806
 2015.96646133    -6.967     3.643
 2015.96919918    -7.136     3.643
 2015.97193703    -2.781     3.725
 2015.97467488    -6.244     3.725
 2015.97741273   -15.831     3.643
 2015.98015058   -11.422     3.725
 2015.98288843    -7.542     3.643
 2015.98562628    -6.337     3.643
 2015.98836413    -8.168     3.725
 2015.99110198   -14.392     3.643
 2015.99383984    -8.146     3.643
 2015.99657769    -7.962     3.643
 2015.99931554    -7.017     3.643
 2016.00205339   -17.521     3.643
 2016.00479124   -10.022     3.643
 2016.00752909    -4.614     3.643
 2016.01026694    -0.810     3.643
 2016.01300479     1.492     3.643
 2016.01574264    -1.115     3.643
 2016.01848049     3.098     3.725
 2016.02121834     2.067     3.725
 2016.02395619    -1.167     3.725
 2016.02669405     2.628     3.725
 2016.02943190     2.712     3.643
 2016.03216975     3.425     3.643
 2016.03490760    -0.132     3.643
 2016.03764545    -3.249     3.643
 2016.04038330     2.548     3.643
 2016.04312115    -1.556     3.643
 2016.04585900    -2.427     3.643
 2016.04859685    -2.506     3.643
 2016.05133470    -1.288     3.643
 2016.05407255    -3.795     3.643
 2016.05681040    -6.183     3.643
 2016.05954825    -4.328     3.643
 2016.06228611    -6.948     3.643
 2016.06502396    -3.048     3.643
 2016.06776181    -3.539     3.643
 2016.07049966     1.271     3.643
 2016.07323751     3.712     3.643
 2016.07597536    -2.946     3.643
 2016.07871321     0.358     3.725
 2016.08145106    -0.269     3.643
 2016.08418891    -0.933     3.643
 2016.08692676   -10.686     3.643
 2016.08966461    -4.015     3.643
 2016.09240246    -5.427     3.643
 2016.09514031   -13.426     3.643
 2016.09787817    -9.065     3.643
 2016.10061602    -6.689     3.643
 2016.10335387    -8.312     3.643
 2016.10609172     2.872     3.643
 2016.10882957     0.293     3.643
 2016.11156742    -1.853     3.643
 2016.11430527    -2.933     3.643
 2016.11704312     0.008     3.643
 2016.11978097    -1.593     3.643
 2016.12251882    -3.243     3.643
 2016.12525667   -11.096     3.643
 2016.12799452   -11.379     3.643
 2016.13073238    -4.343     3.643
 2016.13347023    -5.425     3.643
 2016.13620808   -10.323     3.643
 2016.13894593    -7.848     3.643
 2016.14168378    -4.093     3.643
 2016.14442163    -2.203     3.643
 2016.14715948    -7.799     3.643
 2016.14989733    -6.184     3.643
 2016.15263518   -10.720     3.643
 2016.15537303   -11.837     3.643
 2016.15811088   -13.304     3.643
 2016.16084873   -12.536     3.643
 2016.16358658   -13.284     3.725
 2016.16632444    -6.233     3.725
 2016.16906229    -3.126     3.643
 2016.17180014    -6.904     3.643
 2016.17453799    -3.904     3.643
 2016.17727584    -4.001     3.643
 2016.18001369    -2.516     3.643
 2016.18275154    -7.568     3.643
 2016.18548939   -14.904     3.782
 2016.18822724    -6.329     3.643
 2016.19096509    -8.743     3.643
 2016.19370294    -7.592     3.643
 2016.19644079    -8.482     3.643
 2016.19917864    -9.610     3.643
 2016.20191650    -8.564     3.643
 2016.20465435    -7.930     3.643
 2016.20739220    -4.589     3.725
 2016.21013005    -4.547     3.725
 2016.21286790    -6.265     3.643
 2016.21560575    -1.950     3.725
 2016.21834360    -3.907     3.643
 2016.22108145     1.108     3.643
 2016.22381930     1.784     3.643
 2016.22929500    -3.387     3.643
 2016.23203285    -0.635     3.643
 2016.23477070    -1.195     3.643
 2016.23750856    -0.686     3.643
 2016.24024641     0.086     3.643
 2016.24298426    -6.321     3.643
 2016.24572211    -9.553     3.643
 2016.24845996    -3.219     3.643
 2016.25119781    -2.984     3.643
 2016.25393566    -2.495     3.643
 2016.25667351    -1.253     3.643
 2016.25941136    -1.988     3.643
 2016.26214921     1.065     3.643
 2016.26488706     0.701     3.643
 2016.26762491     1.319     3.643
 2016.27036277     1.147     3.643
 2016.27310062    -6.582     3.643
 2016.27583847    -6.013     3.643
 2016.27857632    -3.390     3.643
 2016.28131417    -2.097     3.643
 2016.28405202    -5.688     3.643
 2016.28678987    -5.079     3.643
 2016.28952772    -0.239     3.643
 2016.29226557     0.628     3.643
 2016.29500342     2.134     3.643
 2016.29774127     0.881     3.643
 2016.30047912    -4.277     3.643
 2016.30321697    -6.509     3.643
 2016.30595483    -4.003     3.643
 2016.30869268    -5.087     3.643
 2016.31143053    -4.094     3.643
 2016.31416838    -8.922     3.643
 2016.31690623    -5.482     3.643
 2016.31964408    -7.310     3.643
 2016.32238193    -6.354     3.643
 2016.32511978    -7.045     3.643
 2016.32785763    -7.834     3.643
 2016.33059548    -5.879     3.643
 2016.33333333    -9.681     3.643
 2016.33607118   -10.493     4.797
 2016.33880903    -6.272     3.643
 2016.34154689   -11.447     3.643
 2016.34428474    -5.369     3.643
 2016.34702259    -7.388     3.725
 2016.34976044    -1.502     3.643
 2016.35249829    -3.871     3.643
 2016.35523614    -6.159     3.643
 2016.35797399    -3.381     3.643
 2016.36071184    -4.382     3.643
 2016.36344969     4.960     3.643
 2016.36618754     5.592     3.643
 2016.36892539     0.587     3.643
 2016.37166324    -5.133     3.643
 2016.37440110    -1.729     3.643
 2016.37713895    -1.126     3.643
 2016.37987680    -3.745     3.643
 2016.38261465    -1.579     3.863
 2016.38535250    -3.665     3.643
 2016.38809035     0.980     3.643
 2016.39082820     0.616     3.643
 2016.39356605     0.426     3.643
 2016.39630390    -7.509     3.643
 2016.39904175    -7.486     3.643
 2016.40177960    -7.811     3.643
 2016.40451745     3.232     3.725
 2016.40725530    -3.522     3.643
 2016.40999316    -1.748     3.643
 2016.41273101     0.956     3.643
 2016.41546886    -9.071     3.725
 2016.41820671   -10.770     3.643
 2016.42094456    -5.313     3.643
 2016.42368241     0.822     3.643
 2016.42642026    -3.091     3.643
 2016.42915811    -8.448     3.643
 2016.43189596    -6.120     3.643
 2016.43463381    -0.684     3.725
 2016.43737166     1.467     3.643
 2016.44010951     3.037     3.643
 2016.44284736     3.050     3.643
 2016.44558522    -4.386     3.643
 2016.44832307     2.444     3.643
 2016.45106092     3.147     3.643
 2016.45379877     3.204     3.643
 2016.45653662    -1.636     3.643
 2016.45927447     1.832     3.643
 2016.46201232     0.497     3.643
 2016.46475017    -1.630     3.643
 2016.46748802    -5.366     3.643
 2016.47022587    -1.483     3.643
 2016.47296372    -6.563     3.643
 2016.47570157    -5.249     3.643
 2016.47843943    -4.349     3.782
 2016.48117728    -2.962     5.110
 2016.49212868    -4.448     3.643
 2016.49486653    -5.341     3.643
 2016.49760438     3.733     3.643
 2016.50034223    -1.617     3.643
 2016.50308008    -1.567     3.725
 2016.50581793    -4.081     3.725
 2016.50855578    -3.752     3.725
 2016.51129363    -1.591     3.643
 2016.51403149    -4.275     3.643
 2016.51676934    -3.585     3.643
 2016.51950719    -8.520     3.725
 2016.52224504    -8.103     3.643
 2016.52498289    -1.979     3.643
 2016.52772074    -3.565     3.725
 2016.53045859     3.474     3.725
 2016.53319644    -4.960     3.643
 2016.53593429    -9.660     3.643
 2016.53867214    -9.220     3.643
 2016.54140999    -4.459     3.643
 2016.54414784    -1.499     3.725
 2016.54688569    -8.481     3.643
 2016.54962355    -0.796     3.643
 2016.55236140    -1.708     3.643
 2016.55509925    -5.393     3.725
 2016.55783710     3.349     3.643
 2016.56057495    -7.168     3.643
 2016.56331280    -9.375     3.643
 2017.03148528     9.629     5.260
 2017.03422313    -1.554     3.643
 2017.03696099    -5.993     3.643
 2017.03969884    -6.632     3.643
 2017.04243669    -4.205     3.562
 2017.04517454    -2.753     3.643
 2017.04791239    -3.313     3.643
 2017.05065024    -4.940     3.643
 2017.05338809    -6.452     3.643
 2017.05612594    -9.145     3.643
 2017.05886379    -6.399     3.643
 2017.06160164    -7.415     3.643
 2017.06433949    -1.955     3.643
 2017.06707734    -6.014     3.643
 2017.06981520    -6.059     3.643
 2017.07255305    -4.929     3.643
 2017.07529090    -4.468     3.643
 2017.07802875    -1.246     3.643
 2017.08076660    -0.639     3.643
 2017.08350445    -3.977     3.643
 2017.08624230    -5.003     3.643
 2017.08898015     1.503     3.643
 2017.09171800     6.340     3.643
 2017.09445585     0.183     5.121
 2017.11088296    -6.229     4.972
 2017.11362081    -3.501     3.643
 2017.11635866    -2.845     3.643
 2017.11909651    -2.672     3.643
 2017.12183436    -0.752     3.643
 2017.12457221    -2.239     3.643
 2017.12731006    -6.885     3.643
 2017.13004791    -3.059     3.643
 2017.13278576    -6.344     3.643
 2017.13552361     2.288     3.643
 2017.13826146     4.499     3.643
 2017.14099932     5.502     3.643
 2017.14373717    -1.578     3.643
 2017.14647502     3.002     3.643
 2017.14921287     7.100     3.643
 2017.15195072     0.074     3.643
 2017.15468857    -4.012     3.643
 2017.15742642     3.334     3.643
 2017.16016427     2.198     3.725
 2017.16290212     0.687     3.643
 2017.16837782    -2.577     3.643
 2017.17111567    -3.060     3.643
 2017.17385352     2.131     3.643
 2017.17659138    -1.772     3.643
 2017.17932923    -6.813     3.725
 2017.18206708    -1.104     3.643
 2017.18480493     1.253     3.643
 2017.18754278    -1.246     3.643
 2017.19028063    -1.251     3.643
 2017.19301848    -4.696     3.643
 2017.19575633    -1.357     3.643
 2017.19849418    -8.372     3.643
 2017.20123203    -0.396     3.643
 2017.20396988    -4.262     3.643
 2017.20670773     1.610     3.643
 2017.20944559     0.283     3.643
 2017.21218344     0.404     3.643
 2017.21492129    -2.433     3.587
 2017.21765914     4.023     3.643
 2017.22039699    -0.843     3.643
 2017.22313484     0.217     3.643
 2017.22587269    -6.810     3.643
 2017.22861054    -4.825     3.643
 2017.23134839    -2.785     3.643
 2017.23408624    -0.280     3.643
 2017.23682409    -1.571     3.643
 2017.23956194    -2.962     3.643
 2017.24229979    -3.024     3.643
 2017.24503765    -5.642     3.643
 2017.24777550    -1.110     3.643
 2017.25051335    -0.216     3.643
 2017.25325120    -0.810     3.643
 2017.25872690    -4.824     3.643
 2017.26146475    -2.116     3.643
 2017.26420260    -1.831     3.643
 2017.26694045    -0.843     3.643
 2017.26967830    -1.316     3.643
 2017.27241615    -3.121     3.587
 2017.27515400    -3.425     3.643
 2017.27789185     1.084     3.643
 2017.28062971    -0.002     3.643
 2017.28336756    -1.165     3.643
 2017.28610541     1.593     3.643
 2017.28884326    -5.006     3.643
 2017.29158111    -4.572     3.643
 2017.29431896    -1.531     3.643
 2017.29705681    -7.294     3.643
 2017.29979466    -5.886     3.643
 2017.30253251    -5.012     3.643
 2017.30527036    -2.894     3.643
 2017.30800821    -0.052     3.643
 2017.31074606    -0.415     3.643
 2017.31348392    -0.542     3.643
 2017.31622177    -3.529     3.643
 2017.31895962    -4.226     3.643
 2017.32169747    -5.978     3.643
 2017.32443532     0.004     3.643
 2017.32717317    -4.090     3.643
 2017.32991102    -2.307     3.643
 2017.33538672    -4.889     3.643
 2017.33812457    -5.873     3.643
 2017.34086242    -7.197     3.643
 2017.34360027    -4.372     3.643
 2017.34633812     2.586     3.643
 2017.34907598    -1.963     3.643
 2017.35181383    -4.944     3.643
 2017.35455168    -0.510     3.643
 2017.35728953     0.770     3.643
 2017.36002738     0.771     3.643
 2017.36276523     2.091     3.643
 2017.36550308     4.168     3.643
 2017.36824093    -2.051     3.643
 2017.37097878    -8.662     3.643
 2017.37371663    -8.024     3.643
 2017.37645448    -7.374     3.643
 2017.37919233     0.120     3.725
 2017.38193018     0.247     3.725
 2017.38466804    -6.261     3.643
 2017.38740589    -8.219     3.643
 2017.39014374    -9.588     3.643
 2017.39288159    -5.584     3.725
 2017.39561944    -5.842     3.643
 2017.39835729   -10.991     3.643
 2017.40109514    -5.112     3.643
 2017.40383299    -5.269     3.643
 2017.40657084    -5.776     3.725
 2017.40930869     4.247     3.643
 2017.41204654     1.254     3.643
 2017.41478439    -4.636     3.643
 2017.41752225    -5.512     3.643
 2017.42026010    -8.636     3.643
 2017.42299795    -7.324     3.643
 2017.42573580    -4.971     3.643
 2017.42847365    -5.246     3.643
 2017.43121150    -1.111     3.643
 2017.43394935     0.664     3.643
 2017.43668720    -0.679     3.725
 2017.43942505    -6.417     3.643
 2017.44216290    -2.965     3.643
 2017.44490075    -3.160     3.725
 2017.44763860     0.655     3.643
 2017.45037645     0.587     3.643
 2017.45311431    -4.124     3.643
 2017.45585216    -1.266     3.725
 2017.45859001    -7.409     3.643
 2017.46132786    -6.970     3.643
 2017.46406571    -4.467     3.643
 2017.46680356    -6.591     3.643
 2017.46954141    -6.939     3.725
 2017.47227926    -6.224     3.643
 2017.47501711    -1.172     3.782
 2017.47775496     0.827     3.643
 2017.48049281    -2.172     3.725
 2017.48323066    -1.200     3.643
 2017.48596851    -5.138     3.643
 2017.48870637     2.234     3.643
 2017.49144422    -3.998     3.643
 2017.49418207    -0.176     3.725
 2017.49691992    -2.468     3.700
 2017.49965777     1.071     3.643
 2017.50239562    -5.206     3.725
 2017.50513347    -8.484     3.725
 2017.50787132    -2.933     3.643
 2017.51060917    -4.346     3.643
 2017.51334702    -4.215     3.643
 2017.51608487    -5.384     3.643
 2017.51882272    -2.596     3.643
 2017.52156057    -6.537     3.643
 2017.52429843    -4.440     3.643
 2017.52703628    -2.660     3.725
 2017.52977413    -4.477     3.643
 2017.53251198    -4.143     3.643
 2017.53524983    -4.640     3.643
 2017.53798768    -6.735     3.643
 2017.54072553    -6.083     3.643
 2017.54346338   -10.348     3.643
 2017.54620123    -7.837     3.643
 2017.54893908    -5.581     3.725
 2017.55167693    -1.254     3.643
 2017.55441478    -0.369     3.725
 2017.55715264    -2.525     3.643
 2017.55989049    -2.750     3.643
 2017.56262834    -2.065     3.643
 2017.56536619    -2.992     3.643
 2017.56810404     1.170     3.725
 2017.57084189    -4.423     3.782
 2017.57357974     2.215     3.643
 2017.57631759    -5.350     3.643
 2017.57905544    -3.692     3.782
 2017.58179329    -6.393     3.725
 2017.58453114   -11.462     3.725
 2017.58726899    -7.833     3.725
 2017.59000684     0.038     3.782
 2017.59274470     1.174     3.725
 2017.59548255    -5.893     3.643
 2017.59822040    -3.616     3.643
 2017.60095825    -3.872     3.643
 2017.60369610    -6.129     3.643
 2017.60643395    -7.497     3.643
 2017.60917180    -8.924     3.643
 2017.61190965    -7.369     3.725
 2017.61464750    -6.800     3.725
 2017.61738535    -7.580     3.643
 2017.62012320    -9.233     3.725
 2017.62286105   -10.298     3.643
 2017.62559890   -12.220     3.643
 2017.62833676    -4.902     3.725
 2017.63107461    -1.675     3.782
 2017.63381246     0.166     3.725
 2017.63655031    -1.851     3.725
 2017.63928816    -2.483     3.643
 2017.64202601    -2.102     5.398
 2017.64476386    -4.403     4.890
 2017.64750171    -6.807     3.643
 2017.65023956    -2.304     3.725
 2017.65297741   -13.634     3.643
 2017.65571526    -2.535     3.643
 2017.65845311   -12.394     3.643
 2017.66119097    -4.982     3.643
 2017.66392882    -7.822     3.643
 2017.66666667    -0.394     3.643
 2017.66940452    -5.290     3.725
 2017.67214237    -6.451     3.643
 2017.67488022   -11.989     3.725
 2017.67761807   -10.983     3.643
 2017.68035592    -8.140     3.725
 2017.68309377    -1.608     3.806
 2017.68583162    -0.577     3.725
 2017.68856947     1.973     3.643
 2017.69130732    -0.472     3.643
 2017.69404517     3.343     3.643
 2017.69678303     5.866     3.643
 2017.69952088     7.706     3.643
 2017.70225873     8.821     3.725
 2017.70499658     8.067     3.782
 2017.70773443     2.998     3.725
 2017.71047228    -2.511     3.643
 2017.71321013    -7.304     3.643
 2017.71594798    -9.613     3.643
 2017.71868583    -8.317     3.643
 2017.72142368    -5.189     3.643
 2017.72416153    -4.973     3.643
 2017.72689938    -8.443     3.643
 2017.72963723   -14.544     3.643
 2017.73237509    -5.347     3.643
 2017.73511294    -5.081     3.643
 2017.73785079    -5.392     3.643
 2017.74058864    -5.834     3.643
 2017.74332649    -7.324     3.643
 2017.74606434    -6.462     3.643
 2017.74880219     2.646     3.643
 2017.75154004    -0.338     3.643
 2017.75427789     0.016     3.725
 2017.75701574     4.269     3.643
 2017.75975359     1.645     3.782
 2017.76249144     0.672     3.643
 2017.76522930    -2.704     3.643
 2017.76796715    -0.850     3.643
 2017.77070500    -9.130     3.643
 2017.77344285   -10.335     3.643
 2017.77618070    -7.378     3.643
 2017.77891855    -1.061     3.643
 2017.78165640    -1.135     3.725
 2017.78439425    -5.938     3.643
 2017.78713210    -6.913     3.643
 2017.78986995    -9.993     3.643
 2017.79260780   -14.597     3.643
 2017.79534565    -4.896     3.725
 2017.79808350    -7.767     3.643
 2017.80082136    -9.222     3.643
 2017.80355921   -12.541     3.725
 2017.80629706    -5.914     3.643
 2017.80903491    -5.047     3.643
 2017.81177276    -9.942     3.643
 2017.81451061    -8.264     3.643
 2017.81724846    -1.920     3.643
 2017.81998631   -10.635     3.643
 2017.82272416    -8.819     3.643
 2017.82546201    -1.025     3.643
 2017.82819986    -8.591     3.643
 2017.83093771   -10.796     3.643
 2017.83367556    -7.701     3.643
 2017.83641342    -5.180     3.643
 2017.83915127     0.382     3.725
 2017.84188912    -0.386     3.643
 2017.84462697    -1.727     3.643
 2017.84736482    -1.291     3.643
 2017.85010267   -12.223     3.643
 2017.85284052    -7.099     3.643
 2017.85557837   -11.832     3.587
 2017.85831622     0.953     3.725
 2017.86105407    -2.716     3.725
 2017.86379192     1.970     3.725
 2017.86652977     3.559     3.643
 2017.86926762    -6.244     3.643
 2017.87200548    -6.614     3.643
 2017.87474333   -10.811     3.643
 2017.87748118    -8.263     3.643
 2017.88021903    -9.053     3.643
 2017.88295688    -2.641     3.643
 2017.88569473    -8.251     3.643
 2017.88843258    -5.781     3.643
 2017.89117043    -3.386     3.643
 2017.89390828    -0.473     3.643
 2017.89664613     4.529     3.643
 2017.89938398   -11.091     3.643
 2017.90212183   -11.501     3.643
 2017.90485969    -7.616     3.643
 2017.90759754   -10.438     3.643
 2017.91033539    -5.581     3.643
 2017.91307324    -5.929     3.643
 2017.91581109    -4.970     3.643
 2017.91854894    -7.528     3.643
 2017.92128679    -6.874     3.643
 2017.92402464    -6.903     3.643
 2017.92676249   -12.257     3.643
 2017.92950034    -8.233     3.643
 2017.93223819     1.193     3.643
 2017.93497604    -2.185     3.643
 2017.93771389    -2.357     3.643
 2017.94045175     0.998     3.643
 2017.94318960     5.521     3.587
 2017.94592745     2.515     3.643
 2017.94866530    -5.984     3.643
 2017.95140315     0.329     3.643
 2017.95414100    -0.174     3.643
 2017.95687885     1.412     3.643
 2017.95961670   -10.733     3.643
 2017.96235455    -9.753     3.643
 2017.96509240    -9.782     3.643
 2017.96783025   -17.154     3.725
 2017.97056810   -13.769     3.643
 2017.97330595   -13.112     3.643
 2017.97604381   -17.586     3.643
 2017.97878166    -6.343     3.643
 2017.98151951    -2.393     3.643
 2017.98425736     0.390     3.643
 2017.98973306     3.838     3.643
 2017.99247091     2.043     3.643
 2017.99520876     3.595     3.643
 2017.99794661     1.177     3.643
 2018.00068446    -0.508     3.643
 2018.00342231     1.036     3.643
 2018.00616016    -7.141     3.643
 2018.00889802     3.985     3.643
 2018.01163587     0.160     3.643
 2018.01437372     0.891     3.643
 2018.01711157    -6.078     3.643
 2018.01984942    -8.289     3.643
 2018.02258727    -6.462     3.587
 2018.02532512    -6.924     3.643
 2018.02806297    -4.696     3.643
 2018.03080082    -7.200     3.643
 2018.03353867    -9.716     3.643
 2018.03627652    -7.659     3.643
 2018.03901437    -3.759     3.643
 2018.04175222     1.679     3.643
 2018.04449008     2.877     3.643
 2018.04722793     0.734     3.643
 2018.04996578     1.760     3.643
 2018.05270363    -4.882     3.643
 2018.05544148    -0.953     3.643
 2018.05817933    -3.308     3.643
 2018.06091718    -0.653     3.643
 2018.06365503    -2.741     3.643
 2018.06639288    -0.341     3.643
 2018.06913073    -2.815     3.643
 2018.07186858   -16.702     3.643
 2018.07460643    -7.352     3.643
 2018.07734428    -6.760     3.643
 2018.08008214    -4.432     3.643
 2018.08281999    -7.790     3.643
 2018.08555784    -2.193     3.643
 2018.08829569    -3.087     3.643
 2018.09103354    -6.443     3.643
 2018.09377139    -5.002     3.643
 2018.09650924    -5.209     3.643
 2018.09924709    -7.675     3.643
 2018.10198494    -6.247     3.643
 2018.10472279    -4.962     3.643
 2018.10746064    -4.935     3.725
 2018.11019849     0.522     3.643
 2018.11293634    -3.688     3.643
 2018.11567420     4.765     3.643
 2018.11841205    -1.194     3.643
 2018.12114990    -3.468     3.725
 2018.12388775    -1.636     3.643
 2018.12662560     3.090     3.725
 2018.12936345    -9.893     3.643
 2018.13210130    -5.720     3.643
 2018.13483915    -4.571     3.643
 2018.13757700    -4.813     3.643
 2018.14031485    -1.416     3.643
 2018.14305270    -3.202     3.725
 2018.14579055    -6.175     3.643
 2018.14852841    -4.383     3.725
 2018.15126626    -8.138     3.725
 2018.15400411    -5.920     3.643
 2018.15674196    -4.687     3.725
 2018.15947981    -8.963     3.643
 2018.16221766    -5.674     3.643
 2018.16495551     0.582     3.725
 2018.16769336     4.270     3.643
 2018.17043121     5.158     3.643
 2018.17316906    10.581     3.643
 2018.17590691    11.400     3.643
 2018.17864476     7.502     3.643
 2018.18138261     3.891     3.643
 2018.18412047     5.125     3.725
 2018.18685832     2.427     3.782
 2018.18959617     4.138     3.643
 2018.19233402     6.099     3.643
 2018.19507187     5.168     3.643
 2018.19780972     4.187     3.643
 2018.20054757     3.027     3.643
 2018.20328542     0.427     3.725
 2018.20602327     0.698     3.643
 2018.20876112    -1.541     3.643
 2018.21149897    -0.623     3.643
 2018.21423682     6.716     3.643
 2018.21697467    -1.061     3.643
 2018.21971253     0.127     3.643
 2018.22245038     3.372     3.643
 2018.22518823     6.110     3.643
 2018.22792608     3.793     3.643
 2018.23066393     4.692     3.643
 2018.23340178    -1.521     3.643
 2018.23613963    -3.461     3.643
 2018.23887748     0.339     3.643
 2018.24161533     9.874     3.643
 2018.24435318     3.778     3.643
 2018.24709103    -0.184     3.643
 2018.24982888    -6.561     3.643
 2018.25256674     0.786     3.643
 2018.25530459     4.059     3.643
 2018.25804244     3.602     3.643
 2018.26078029     3.291     3.643
 2018.26351814    -2.627     3.643
 2018.26625599    -0.133     3.643
 2018.26899384     0.116     3.643
 2018.27173169     4.438     3.643
 2018.27446954     0.090     3.643
 2018.27720739    -0.191     3.643
 2018.27994524     1.492     3.725
 2018.28268309    -6.430     3.838
 2018.28542094    -5.868     3.643
 2018.28815880     2.020     3.643
 2018.29089665    -1.866     3.643
 2018.29363450    -4.250     3.700
 2018.29637235    -5.742     3.643
 2018.29911020    -7.189     3.643
 2018.30184805    -1.145     3.643
 2018.30458590     1.878     3.562
 2018.30732375     3.800     3.643
 2018.31006160     2.203     3.643
 2018.31279945     3.731     3.643
 2018.31553730    -0.739     3.643
 2018.31827515    -2.524     3.562
 2018.32101300     2.563     3.643
 2018.32375086     2.891     3.643
 2018.32648871     1.912     3.643
 2018.32922656    -0.300     3.643
 2018.33196441    -1.654     3.643
 2018.33470226    -2.814     3.643
 2018.33744011    -6.342     3.643
 2018.34017796    -8.136     3.643
 2018.34291581    -8.034     3.643
 2018.34565366    -3.148     3.643
 2018.34839151     2.901     3.562
 2018.35112936     2.138     3.643
 2018.35386721     4.602     3.643
 2018.35660507    -1.984     3.643
 2018.35934292    -4.347     3.643
 2018.36208077    -5.306     3.562
 2018.36481862    -6.389     3.643
 2018.36755647     1.222     3.643
 2018.37029432     1.298     3.643
 2018.37303217    -0.902     3.643
 2018.37577002    -5.087     3.562
 2018.37850787    -6.808     3.643
 2018.38124572    -2.385     3.643
 2018.38398357    -3.539     3.643
 2018.38672142    -3.704     3.562
 2018.38945927   -10.896     3.643
 2018.39219713    -8.246     3.643
 2018.39493498    -6.005     3.562
 2018.39767283    -5.767     3.643
 2018.40041068    -6.097     3.643
 2018.40314853    -7.543     3.643
 2018.40588638    -3.471     3.643
 2018.40862423    -1.547     3.562
 2018.41136208   -11.566     3.643
 2018.41409993    -2.925     3.643
 2018.41683778     2.721     3.643
 2018.41957563    -5.420     3.643
 2018.42231348    -5.267     3.643
 2018.42505133    -0.919     3.643
 2018.42778919    -3.195     3.643
 2018.43052704    -4.732     3.643
 2018.43326489    -4.126     3.643
 2018.43600274    -1.074     3.562
 2018.43874059     1.931     3.643
 2018.44147844    -1.157     3.643
 2018.44421629     1.305     3.643
 2018.44695414     0.448     3.643
 2018.44969199     0.235     3.643
 2018.45242984    -0.179     3.643
 2018.45516769    -4.021     3.643
 2018.45790554    -1.301     3.643
 2018.46064339    -0.784     3.643
 2018.46338125    -2.251     3.643
 2018.46611910    -0.656     3.643
 2018.46885695     0.915     3.643
 2018.47159480    -0.531     3.782
 2018.47433265     0.083     3.643
 2018.47707050   -10.377     3.643
 2018.47980835   -10.144     3.643
 2018.48254620    -9.228     3.643
 2018.48528405    -6.261     3.643
 2018.48802190    -7.319     3.643
 2018.49075975    -5.171     3.643
 2018.49349760     1.274     3.643
 2018.49623546    -9.344     3.643
 2018.49897331    -1.497     3.643
 2018.50171116    -6.400     3.643
 2018.50444901    -2.118     3.643
 2018.50718686    -0.873     3.643
 2018.50992471    -2.661     3.643
 2018.51266256    -1.090     3.643
 2018.51540041    -2.834     3.643
 2018.51813826    -4.381     3.643
 2018.52087611    -4.233     3.643
 2018.52361396    -5.611     3.643
 2018.52635181    -1.242     3.643
 2018.52908966    -3.730     3.643
 2018.53182752    -3.495     3.643
 2018.53456537    -3.830     3.643
 2018.53730322    -8.197     3.643
 2018.54004107    -4.383     3.643
 2018.54277892    -4.399     3.725
 2018.54551677    -8.974     3.643
 2018.54825462    -0.036     3.643
 2018.55099247    -4.178     3.643
 2018.55373032    -4.463     3.643
 2018.55646817    -0.409     3.643
 2018.55920602    -5.039     3.725
 2018.56194387    -0.863     3.643
 2018.56468172    -3.700     3.643
 2018.56741958    -5.564     3.643
 2018.57015743    -2.900     3.643
 2018.57289528    -8.681     3.782
 2018.57563313    -3.371     3.782
 2018.57837098    -2.128     3.782
 2018.58110883    -0.132     3.863
 2018.58384668     5.653     3.863
 2018.58658453    -4.427     3.782
 2018.58932238    -8.400     3.643
 2018.59206023    -2.918     3.643
 2018.59479808     0.290     3.643
 2018.59753593     1.455     3.643
 2018.60027379    -1.858     3.643
 2018.60301164     0.936     3.700
 2018.60574949     0.639     3.643
 2018.60848734    -3.202     3.700
 2018.61122519    -3.869     3.782
 2018.61396304     2.050     3.643
 2018.61670089     2.776     3.643
 2018.61943874    -0.673     3.643
 2018.62217659     1.312     3.643
 2018.62491444    -1.107     3.782
 2018.62765229    -5.606     3.782
 2018.63039014    -0.905     3.643
 2018.63312799     2.388     3.643
 2018.64134155     1.818     3.782
 2018.64407940     0.614     3.782
 2018.64681725     4.147     3.782
 2018.64955510     2.260     3.700
 2018.65229295    -2.988     3.700
 2018.65503080     2.376     3.700
 2018.65776865    -0.477     3.643
 2018.66050650    -2.867     3.643
 2018.66324435    -0.987     3.643
 2018.66598220    -2.775     3.643
 2018.66872005    -9.088     3.643
 2018.67145791    -4.692     3.700
 2018.67419576    -6.695     3.643
 2018.67693361    -4.125     3.643
 2018.67967146    -0.361     3.643
 2018.68240931     1.940     3.643
 2018.68514716     5.475     3.782
 2018.68788501     6.872     3.643
 2018.69062286     0.608     3.643
 2018.69336071    -1.565     3.725
 2018.69609856     3.899     3.700
 2018.69883641     0.254     3.725
 2018.70157426    -1.979     3.643
 2018.70431211     2.321     3.643
 2018.70704997    -3.623     3.643
 2018.70978782     1.795     3.643
 2018.71252567    -1.046     3.643
 2018.71526352     0.421     3.643
 2018.71800137    -6.371     3.643
 2018.72073922     2.029     3.643
 2018.72347707     1.259     3.643
 2018.72621492     4.891     3.782
 2018.72895277     1.955     3.643
 2018.73169062    -7.711     3.643
 2018.73442847   -11.292     3.643
 2018.73716632    -0.729     3.700
 2018.73990418    -4.047     3.643
 2018.74264203    -7.182     3.643
 2018.74537988    -4.035     3.643
 2018.74811773    -1.426     3.643
 2018.75085558    -5.621     3.643
 2018.75359343     0.121     3.643
 2018.75633128    -3.945     3.643
 2018.75906913    -4.556     3.643
 2018.76180698    -1.811     3.643
 2018.76454483    -7.550     3.643
 2018.76728268    -4.385     3.643
 2018.77002053     1.917     3.643
 2018.77275838    -5.142     3.643
 2018.77549624    -6.999     3.643
 2018.77823409    -3.815     3.643
 2018.78097194    -0.608     3.643
 2018.78370979     1.208     3.643
 2018.78644764     3.989     3.643
 2018.78918549     0.117     3.643
 2018.79192334    -5.309     3.643
 2018.79466119    -2.246     3.643
 2018.79739904    -2.495     3.643
 2018.80013689    -3.926     3.562
 2018.80287474    -1.920     3.643
 2018.80561259    -2.134     3.643
 2018.80835044    -1.949     3.643
 2018.81108830     4.025     3.643
 2018.81382615    -4.712     3.782
 2018.81656400     1.147     3.643
 2018.81930185     0.652     3.643
 2018.82203970    -2.848     3.643
 2018.82477755    -3.053     3.643
 2018.82751540    -3.358     3.643
 2018.83025325     0.945     3.643
 2018.83299110    -0.882     3.643
 2018.83572895    -6.109     3.643
 2018.83846680    -9.817     3.643
 2018.84120465    -7.728     3.643
 2018.84394251    -1.538     3.643
 2018.84668036    -2.924     3.643
 2018.84941821    -5.195     3.562
 2018.85215606    -9.093     3.643
 2018.85489391   -14.244     3.643
 2018.85763176    -9.828     3.643
 2018.86036961     1.628     3.643
 2018.86310746    -1.813     3.643
 2018.86584531     0.598     3.643
 2018.86858316    -8.817     3.562
 2018.87132101    -2.321     3.643
 2018.87405886    -4.068     3.643
 2018.87679671    -8.773     3.643
 2018.87953457    -6.491     3.643
 2018.88227242    -2.332     3.643
 2018.88501027    -9.793     3.643
 2018.88774812     0.569     3.643
 2018.89048597    -5.387     3.643
 2018.89322382     0.516     3.643
 2018.89596167     2.182     3.643
 2018.89869952     1.789     3.725
 2018.90143737    -1.088     3.643
 2018.90417522     1.523     3.643
 2018.90691307     3.131     3.643
 2018.90965092     4.124     3.643
 2018.91238877     8.846     3.643
 2018.91512663     4.381     3.725
 2018.91786448     2.696     3.643
 2018.92060233     4.852     3.643
 2018.92334018     6.953     3.725
 2018.92607803     1.273     3.643
 2018.92881588     0.658     3.643
 2018.93155373     2.149     3.725
 2018.93429158     6.392     3.782
 2018.93702943     7.980     3.643
 2018.93976728     8.057     3.725
 2018.94250513     3.735     3.643
 2018.94524298    -7.517     3.643
 2018.94798084    -1.373     3.562
 2018.95071869    -2.323     3.643
 2018.95345654    -4.784     3.643
 2018.95619439    -3.613     3.643
 2018.95893224     4.453     3.643
 2018.96167009    -0.006     3.562
 2018.96440794    -3.303     3.643
 2018.96714579    -4.277     3.643
 2018.96988364    -2.110     3.643
 2018.97262149    -1.182     3.562
 2018.97535934     0.528     3.562
 2018.97809719     5.292     3.562
 2018.98083504    -4.955     3.643
 2018.98357290     2.396     3.643
 2018.98631075     4.239     3.643
 2018.98904860     2.326     3.643
 2018.99178645     0.861     3.643
 2018.99452430     1.255     3.643
 2018.99726215    -9.911     3.643
 2019.00000000    -3.566     3.643
 2019.00273785     1.376     3.725
 2019.00547570   -14.493     3.643
 2019.00821355   -12.148     3.643
 2019.01095140    -4.268     3.643
 2019.01368925    -7.117     3.643
 2019.01642710    -5.016     3.643
 2019.01916496    -4.085     3.643
 2019.02190281    -4.357     3.643
 2019.02464066    -9.883     3.643
 2019.02737851    -2.320     3.643
 2019.03011636    -4.194     3.643
 2019.03285421    -0.499     3.643
 2019.03559206     5.152     3.643
 2019.03832991     2.270     3.643
 2019.04106776     4.731     3.643
 2019.04380561     3.304     3.562
 2019.04654346     3.416     3.643
 2019.04928131    -4.596     3.643
 2019.05201916    -7.207     3.643
 2019.05475702    -3.406     3.782
 2019.05749487    -1.373     3.643
 2019.06023272     0.758     3.725
 2019.06297057     5.484     3.643
 2019.06570842     3.008     3.643
 2019.06844627     2.815     3.643
 2019.07118412     1.346     3.643
 2019.07392197     4.935     3.643
 2019.07665982     5.854     3.643
 2019.07939767     2.935     3.643
 2019.08213552     4.977     3.643
 2019.08487337     3.262     3.643
 2019.08761123    -0.025     3.643
 2019.09034908     0.936     3.643
 2019.09308693    -1.417     3.643
 2019.09582478    -1.432     3.643
 2019.09856263    -0.701     3.643
 2019.10130048     0.077     3.643
 2019.10403833     0.486     3.643
 2019.10677618     5.893     3.643
 2019.10951403     4.373     3.643
 2019.11225188     2.932     3.643
 2019.11498973    -2.297     3.725
 2019.11772758    -3.627     3.725
 2019.12046543    -5.610     3.643
 2019.12320329    -6.181     3.643
 2019.12594114    -7.887     3.643
 2019.12867899    -5.047     3.643
 2019.13141684    -5.376     3.643
 2019.13415469    -5.828     3.643
 2019.13689254    -2.777     3.643
 2019.13963039    -2.536     3.643
 2019.14236824    -7.624     3.643
 2019.14510609    -8.915     3.643
 2019.14784394    -3.126     3.643
 2019.15058179    -3.601     3.643
 2019.15331964    -8.525     3.643
 2019.15605749    -6.951     3.782
 2019.15879535    -6.307     3.643
 2019.16153320    -3.803     3.643
 2019.16427105    -1.929     3.643
 2019.16700890     4.541     3.643
 2019.16974675     3.956     3.643
 2019.17248460     8.125     3.643
 2019.17522245     5.416     3.643
 2019.17796030    -0.355     3.643
