
 % site name FEH4    component: U    
 % Time [Year], Uplift [mm], error [mm]
 2011.00273785    -1.277     3.700
 2011.00547570    -1.793     3.700
 2011.00821355    -3.729     3.700
 2011.01095140    -3.159     3.700
 2011.01368925     3.100     3.700
 2011.01642710     8.911     3.700
 2011.01916496     3.804     3.700
 2011.02190281     4.155     3.700
 2011.02464066     0.989     3.644
 2011.02737851    -0.462     3.700
 2011.03011636     4.226     3.700
 2011.03285421     1.636     3.700
 2011.03559206     5.782     3.700
 2011.03832991     5.387     3.700
 2011.04106776     2.192     3.644
 2011.04380561    -1.717     3.700
 2011.04654346     1.486     3.700
 2011.04928131    -1.446     3.700
 2011.05201916    -4.416     3.700
 2011.05475702    -5.355     3.700
 2011.05749487    -7.813     3.700
 2011.06023272    -1.061     3.700
 2011.06297057     0.890     3.644
 2011.06570842     2.645     3.700
 2011.06844627     0.559     3.700
 2011.07118412     2.064     3.782
 2011.07392197    -2.143     3.700
 2011.07665982     0.496     3.700
 2011.07939767     3.699     3.700
 2011.08213552    -1.627     3.700
 2011.08487337    -1.421     3.700
 2011.08761123     0.148     3.782
 2011.09034908    -0.500     3.700
 2011.09308693    -0.305     3.700
 2011.09582478     1.669     3.700
 2011.09856263     1.716     3.700
 2011.10130048    -0.578     3.700
 2011.10403833    -3.167     3.700
 2011.10677618     1.795     3.644
 2011.10951403    -2.040     3.700
 2011.11225188    -3.529     3.700
 2011.11498973    -4.157     3.700
 2011.11772758    -4.588     3.700
 2011.12046543     1.004     3.700
 2011.12594114     3.950     3.700
 2011.12867899     4.607     3.700
 2011.13141684    -0.932     3.644
 2011.13415469    -3.788     3.700
 2011.13689254     2.384     3.700
 2011.13963039    -0.075     3.700
 2011.14236824    -3.564     3.700
 2011.14510609    -3.263     3.700
 2011.14784394     0.109     3.700
 2011.15058179    -1.022     3.700
 2011.15331964     1.123     3.700
 2011.15605749     2.635     3.700
 2011.15879535     1.721     3.700
 2011.16153320    -0.635     3.644
 2011.16427105    -5.672     3.700
 2011.16700890    -3.571     3.700
 2011.16974675     2.508     3.700
 2011.17248460     4.958     3.700
 2011.17522245     3.027     3.700
 2011.17796030    -2.800     3.644
 2011.18069815    -0.189     3.700
 2011.18343600     1.424     3.700
 2011.18617385     8.485     3.700
 2011.18891170     7.179     3.700
 2011.19164956     8.050     3.644
 2011.19438741     3.825     3.644
 2011.19712526     8.268     3.644
 2011.19986311     4.688     3.782
 2011.20260096     0.721     3.700
 2011.20533881    -1.459     3.782
 2011.20807666     0.806     3.700
 2011.21081451     0.558     3.644
 2011.21355236    -2.813     3.700
 2011.21629021     0.716     3.700
 2011.21902806     0.196     3.782
 2011.22176591    -2.294     3.782
 2011.22450376    -2.364     3.700
 2011.22724162     1.323     3.700
 2011.22997947     4.996     3.782
 2011.23271732     3.449     3.700
 2011.23545517     3.811     3.700
 2011.23819302     4.533     3.700
 2011.24093087     3.077     3.782
 2011.24366872     0.024     3.700
 2011.24914442     4.553     3.700
 2011.25188227     3.017     3.700
 2011.25462012     5.101     3.700
 2011.25735797     1.280     3.700
 2011.26009582     0.440     3.700
 2011.26283368     2.381     3.700
 2011.26557153     2.782     3.700
 2011.26830938     3.363     3.700
 2011.27104723    -0.989     3.700
 2011.27378508    -4.014     3.700
 2011.27652293    -1.211     3.782
 2011.27926078    -2.731     3.782
 2011.28199863    -0.474     3.644
 2011.28473648    -3.561     3.700
 2011.28747433    -5.277     3.644
 2011.29021218    -4.680     3.700
 2011.29295003    -1.104     3.700
 2011.29568789    -3.949     3.644
 2011.29842574     1.986     3.700
 2011.30116359     0.142     3.700
 2011.30390144    -8.799     3.782
 2011.30663929    -2.163     3.782
 2011.30937714    -0.889     3.700
 2011.31211499     0.633     3.700
 2011.31485284    -5.130     3.700
 2011.31759069    -3.722     3.700
 2011.32032854    -2.466     3.644
 2011.32306639    -5.952     3.644
 2011.32580424    -1.985     3.644
 2011.32854209     3.398     3.562
 2011.33127995     1.896     3.700
 2011.33401780     1.283     3.644
 2011.33675565     2.866     3.700
 2011.33949350     0.607     3.700
 2011.34223135    -2.027     3.700
 2011.34496920    -2.103     3.700
 2011.34770705     1.047     3.700
 2011.35044490    -3.021     3.700
 2011.35318275    -4.222     3.782
 2011.35592060    -6.529     3.700
 2011.36139630     4.299     3.782
 2011.36413415     3.647     3.700
 2011.36687201     2.873     3.700
 2011.36960986    -0.070     3.700
 2011.37234771     4.181     3.700
 2011.37508556     4.037     3.700
 2011.37782341     4.313     3.700
 2011.38056126     3.552     3.839
 2011.38329911    -3.155     3.782
 2011.38603696    -0.076     3.782
 2011.38877481     4.728     3.920
 2011.39151266     3.391     3.700
 2011.39425051     2.828     3.782
 2011.39698836     0.504     3.700
 2011.39972621     2.913     3.782
 2011.40246407     5.159     3.839
 2011.40520192     5.427     3.782
 2011.40793977     6.086     3.700
 2011.41067762     2.805     3.700
 2011.41341547     2.215     3.782
 2011.41615332    -5.243     3.782
 2011.41889117    -6.564     3.700
 2011.42162902    -3.817     4.208
 2011.42984257     0.691     5.317
 2011.43258042     3.351     3.700
 2011.43531828     1.808     3.839
 2011.43805613     9.786     3.782
 2011.44079398    -0.046     3.700
 2011.44353183     3.075     3.700
 2011.44626968    -0.662     3.839
 2011.44900753     1.660     3.700
 2011.45174538     4.035     3.700
 2011.45448323    -1.633     3.700
 2011.45722108     1.346     3.782
 2011.45995893     6.957     3.700
 2011.46269678     5.306     3.782
 2011.46543463     0.929     3.700
 2011.46817248     3.080     3.839
 2011.47091034     7.765     3.782
 2011.47364819     1.171     3.700
 2011.47638604     8.320     3.700
 2011.47912389     0.816     3.700
 2011.48186174    -0.004     3.700
 2011.48459959    -0.347     3.700
 2011.48733744     0.976     3.700
 2011.49007529    -1.922     3.700
 2011.49281314    -1.364     3.700
 2011.49555099     4.259     3.839
 2011.49828884    -0.482     3.700
 2011.50102669    -1.641     3.839
 2011.50376454     4.092     3.839
 2011.50650240     0.677     3.700
 2011.50924025     0.798     3.700
 2011.51197810     8.346     3.839
 2011.51471595     2.229     3.700
 2011.51745380     5.976     3.700
 2011.52019165     1.958     3.782
 2011.52292950    -4.939     3.700
 2011.52566735    -1.518     3.700
 2011.52840520    -0.412     3.700
 2011.53114305     6.619     3.839
 2011.53388090     2.947     3.700
 2011.53661875     3.756     3.700
 2011.53935661     5.058     3.700
 2011.54209446    11.358     3.700
 2011.54483231     2.172     3.700
 2011.54757016     5.836     3.700
 2011.55030801     4.920     3.700
 2011.55304586     4.467     3.700
 2011.55578371    10.358     3.700
 2011.55852156     3.959     3.700
 2011.56125941     6.154     3.700
 2011.56399726     4.020     3.700
 2011.56673511    -2.802     3.700
 2011.56947296    -0.978     3.700
 2011.57221081    -5.427     3.700
 2011.57494867     5.581     3.700
 2011.57768652     6.676     3.839
 2011.58042437     4.685     3.839
 2011.58316222    -0.714     3.700
 2011.58590007    -0.859     3.700
 2011.58863792     0.406     3.782
 2011.59137577    -3.359     3.700
 2011.59411362    -5.210     3.782
 2011.59685147     3.378     3.782
 2011.59958932     6.140     3.700
 2011.60232717     5.251     3.700
 2011.60506502    12.059     3.839
 2011.60780287     1.537     3.700
 2011.61054073     0.371     3.839
 2011.61327858     3.765     3.839
 2011.61601643    -3.601     3.782
 2011.61875428     1.636     3.782
 2011.62149213     1.915     3.782
 2011.62422998    -5.261     3.700
 2011.62696783     1.767     3.700
 2011.62970568     0.923     3.839
 2011.63244353     4.169     3.782
 2011.63518138     3.526     3.700
 2011.63791923     0.152     3.920
 2011.64065708    -7.343     3.782
 2011.64339493    -0.005     3.920
 2011.64613279     0.883     3.839
 2011.64887064     0.734     3.782
 2011.65160849     7.156     3.920
 2011.65434634     5.517     3.839
 2011.65708419     3.337     3.782
 2011.65982204     3.944     3.782
 2011.66255989     2.891     3.932
 2011.66529774     1.727     3.839
 2011.66803559    -1.436     3.700
 2011.67077344     1.928     3.700
 2011.67351129    -1.451     3.700
 2011.67624914    -0.733     3.782
 2011.67898700     2.222     3.700
 2011.68172485     6.853     3.700
 2011.68446270     7.927     3.782
 2011.68720055     4.641     3.839
 2011.68993840     3.124     3.700
 2011.69267625    -0.158     3.700
 2011.69541410     1.077     3.782
 2011.69815195     4.258     3.782
 2011.70088980     7.599     3.782
 2011.70362765     7.721     3.782
 2011.70636550     1.803     3.782
 2011.70910335    -5.308     3.700
 2011.71184120     4.573     3.782
 2011.71457906     3.360     3.782
 2011.71731691     0.063     3.782
 2011.72005476    -2.158     3.839
 2011.72279261    -1.484     3.782
 2011.72553046     4.424     3.782
 2011.72826831     2.347     3.782
 2011.73100616    -1.501     3.700
 2011.73374401    -5.299     3.700
 2011.73648186    -1.973     3.782
 2011.73921971    -9.209     3.700
 2011.74195756    -6.406     3.700
 2011.74469541    -6.326     3.700
 2011.74743326    -4.918     3.782
 2011.75017112    -5.742     3.782
 2011.75290897    -1.294     3.782
 2011.75564682     2.433     3.920
 2011.75838467    -1.003     3.782
 2011.76112252     5.845     3.782
 2011.76386037     5.125     3.782
 2011.76659822     3.357     3.782
 2011.76933607    -5.270     3.782
 2011.77207392    -0.684     3.700
 2011.77481177    -0.411     3.700
 2011.77754962     0.446     3.782
 2011.78028747    -5.288     3.700
 2011.78302533   -11.270     3.700
 2011.78576318   -12.140     3.700
 2011.78850103   -11.834     3.644
 2011.79123888    -8.188     3.644
 2011.79397673    -3.751     3.644
 2011.79671458     3.679     3.700
 2011.79945243     5.333     3.782
 2011.80219028    -1.828     3.644
 2011.80492813    -2.508     3.644
 2011.80766598    -3.692     3.644
 2011.81040383    -4.486     3.644
 2011.81314168    -1.991     3.700
 2011.81587953    -0.110     3.782
 2011.81861739    -6.071     3.700
 2011.82135524    -5.423     3.644
 2011.82409309    -5.923     3.700
 2011.82683094    -5.040     3.644
 2011.82956879    -3.939     3.700
 2011.83230664     2.233     3.644
 2011.83504449    -1.109     3.700
 2011.83778234     0.406     3.644
 2011.84052019     5.627     3.644
 2011.84325804     1.278     3.782
 2011.84599589    -8.023     3.700
 2011.84873374    -1.405     3.644
 2011.85147159     1.320     3.782
 2011.85420945    -2.033     3.644
 2011.85694730    -0.020     3.644
 2011.85968515    -4.450     3.700
 2011.86242300    -7.263     3.700
 2011.86516085    -6.336     3.644
 2011.86789870    -1.887     3.644
 2011.87063655    -2.696     3.644
 2011.87337440    -1.970     3.644
 2011.87611225    -0.530     3.644
 2011.87885010     0.351     3.644
 2011.88158795     3.832     3.644
 2011.88432580     3.972     3.644
 2011.88706366     0.928     3.644
 2011.88980151     1.417     3.644
 2011.89253936    -2.552     3.644
 2011.89527721     2.109     3.782
 2011.89801506     2.220     3.644
 2011.90075291    -4.193     3.700
 2011.90349076     7.462     3.782
 2011.90622861     9.850     3.782
 2011.90896646     0.846     3.644
 2011.91170431     6.997     3.700
 2011.91444216     0.893     3.782
 2011.91718001    10.075     3.782
 2011.91991786     4.512     3.700
 2011.92265572     8.640     3.782
 2011.92539357    12.030     3.839
 2011.92813142    10.561     3.700
 2011.93086927     8.661     3.782
 2011.93360712     6.150     3.782
 2011.93634497    -0.808     3.782
 2011.93908282     9.029     3.782
 2011.94182067     6.607     3.700
 2011.94455852     5.421     3.700
 2011.94729637     3.681     3.782
 2011.95003422    10.612     3.782
 2011.95277207     5.382     3.700
 2011.95550992     7.609     3.782
 2011.95824778     6.604     3.700
 2011.96098563     2.801     3.644
 2011.96372348     3.644     3.644
 2011.96646133     4.961     3.644
 2011.96919918     2.214     3.644
 2011.97193703    -3.860     3.562
 2011.97467488    -1.228     3.562
 2011.97741273     5.044     3.644
 2011.98015058    -2.831     3.644
 2011.98288843     1.728     3.700
 2011.98562628    -0.719     3.644
 2011.98836413     0.292     3.700
 2011.99110198     0.431     3.644
 2011.99383984     4.354     3.644
 2011.99657769    -1.678     3.644
 2011.99931554     0.739     3.644
 2012.00205339     1.329     3.644
 2012.00479124     1.990     3.644
 2012.00752909     7.116     3.700
 2012.01026694     8.327     3.700
 2012.01300479     5.105     3.644
 2012.01574264    -5.811     3.562
 2012.01848049     1.792     3.700
 2012.02121834    -4.354     3.644
 2012.02395619    -2.318     3.644
 2012.02669405    -6.269     3.644
 2012.02943190    -3.793     3.562
 2012.03216975    -1.144     3.644
 2012.03490760    -3.341     3.644
 2012.03764545    -6.426     3.700
 2012.04038330    -3.787     3.644
 2012.04312115    -1.305     3.644
 2012.04585900    -4.886     3.644
 2012.04859685    -4.851     3.700
 2012.05133470    -0.143     3.562
 2012.05407255    -0.335     3.644
 2012.05681040    -1.868     3.644
 2012.05954825    -2.951     3.644
 2012.06228611    -2.893     3.644
 2012.06502396    -4.419     3.644
 2012.06776181    -1.474     3.562
 2012.07049966    -0.398     3.700
 2012.07323751    -7.235     3.644
 2012.07597536    -5.425     3.700
 2012.07871321    -4.641     3.562
 2012.08145106    -3.294     3.562
 2012.08418891    -5.430     3.562
 2012.08692676    -6.036     3.700
 2012.08966461    -7.070     3.644
 2012.09240246    -9.035     3.644
 2012.09514031    -6.297     3.562
 2012.09787817    -2.322     3.562
 2012.10061602    -1.539     3.644
 2012.10335387    -5.486     3.700
 2012.10609172    -5.011     3.644
 2012.10882957    -5.695     3.700
 2012.11156742     0.654     3.700
 2012.11430527    -0.906     3.700
 2012.11704312    -1.044     3.700
 2012.11978097     3.041     3.700
 2012.12251882     9.237     3.700
 2012.12525667     7.202     3.700
 2012.12799452     9.012     3.644
 2012.13073238     2.932     3.700
 2012.13347023     4.698     3.700
 2012.13620808     4.306     3.700
 2012.13894593    -1.151     3.700
 2012.14168378     6.522     3.782
 2012.14442163     3.717     3.782
 2012.14715948     6.797     3.782
 2012.14989733    -1.049     3.644
 2012.15263518    -0.295     3.700
 2012.15537303    -5.498     3.644
 2012.15811088     0.440     3.700
 2012.16084873     3.962     3.644
 2012.16358658     1.521     3.700
 2012.16632444     0.110     3.644
 2012.16906229    -2.544     3.700
 2012.17180014    -0.080     3.644
 2012.17453799     1.340     4.152
 2012.17727584     3.067     4.208
 2012.18001369     0.605     4.152
 2012.18275154     3.504     3.988
 2012.18548939    -0.955     3.988
 2012.18822724     1.342     4.070
 2012.19096509     4.097     3.932
 2012.19370294    -2.038     3.988
 2012.19644079    -0.526     4.070
 2012.19917864    -1.792     3.988
 2012.20191650    -5.116     3.988
 2012.20465435    -0.806     3.932
 2012.20739220     2.160     4.208
 2012.21013005    -1.943     4.440
 2012.21286790     1.016     4.440
 2012.21560575    -5.915     4.440
 2012.21834360    -9.357     4.578
 2012.22108145    -5.096     4.440
 2012.22381930    -4.506     4.440
 2012.22655715    -3.096     4.496
 2012.22929500    -7.503     4.496
 2012.23203285    -6.766     4.496
 2012.23477070    -4.710     4.127
 2012.23750856    -0.636     4.358
 2012.24024641    -2.677     4.496
 2012.24298426     1.193     4.646
 2012.24572211    -7.560     4.496
 2012.24845996    -0.225     4.496
 2012.25119781     1.423     4.496
 2012.25393566     2.011     4.415
 2012.25667351     1.311     3.644
 2012.25941136    -4.256     3.644
 2012.26214921    -2.550     3.562
 2012.26488706     4.298     3.644
 2012.26762491     3.608     3.644
 2012.27036277     2.347     3.562
 2012.27310062     6.870     3.700
 2012.27583847     5.072     3.562
 2012.27857632     5.007     3.562
 2012.28131417    -3.290     3.644
 2012.28405202     0.391     3.644
 2012.28678987     1.929     3.644
 2012.28952772     2.884     3.700
 2012.29226557    -0.088     3.562
 2012.29500342     5.987     3.562
 2012.29774127     9.104     3.644
 2012.30047912     5.707     3.562
 2012.30321697     6.520     3.644
 2012.30595483     4.909     3.700
 2012.30869268     4.155     3.644
 2012.31143053     0.867     3.644
 2012.31416838     1.264     3.700
 2012.31690623     5.646     3.700
 2012.31964408     5.118     3.700
 2012.32238193     4.959     3.700
 2012.32511978    -0.227     3.562
 2012.33059548    -0.233     3.644
 2012.33333333    -4.232     3.839
 2012.33607118     5.719     3.782
 2012.33880903     7.344     3.700
 2012.34154689     5.294     3.700
 2012.34428474     3.541     3.700
 2012.34702259     0.766     3.700
 2012.34976044     1.394     3.700
 2012.35249829     2.007     3.700
 2012.35523614     4.048     3.700
 2012.35797399     2.041     3.644
 2012.36071184     2.780     3.700
 2012.36344969    -1.153     3.700
 2012.36618754    -2.444     3.644
 2012.36892539     0.875     3.644
 2012.37166324     5.560     3.700
 2012.37440110     1.499     3.644
 2012.37713895     1.609     3.644
 2012.37987680     1.045     3.700
 2012.38261465     4.218     3.700
 2012.38535250     2.767     3.700
 2012.38809035    -0.131     3.782
 2012.39082820     0.876     3.700
 2012.39356605     6.209     3.782
 2012.39630390     0.968     3.700
 2012.39904175     1.707     3.700
 2012.40177960     2.438     3.700
 2012.40451745     2.555     3.644
 2012.40725530     8.429     3.644
 2012.40999316     7.083     3.700
 2012.41273101     3.417     3.644
 2012.41546886     3.408     3.700
 2012.41820671     1.249     3.644
 2012.42094456     0.616     3.782
 2012.42368241     6.043     3.700
 2012.42642026     4.832     3.644
 2012.42915811     1.291     3.644
 2012.43189596     0.780     3.700
 2012.43463381    -0.305     3.644
 2012.43737166     4.792     3.782
 2012.44010951     5.044     3.700
 2012.44284736     5.485     3.562
 2012.44558522     3.817     3.644
 2012.44832307    -0.535     3.644
 2012.45106092     0.000     3.562
 2012.45379877    -1.722     3.562
 2012.45653662     0.415     3.644
 2012.45927447     3.340     3.700
 2012.46201232     2.152     3.644
 2012.46475017     2.520     3.644
 2012.46748802     1.336     3.562
 2012.47022587    -1.456     3.700
 2012.47296372     1.576     3.644
 2012.47570157     5.750     3.700
 2012.47843943     4.576     3.562
 2012.48117728     4.266     3.562
 2012.48391513     8.952     3.562
 2012.48665298     1.612     3.562
 2012.48939083     2.362     3.644
 2012.49212868     3.717     3.644
 2012.49486653     9.523     3.839
 2012.49760438     5.660     3.562
 2012.50034223     7.320     3.700
 2012.50308008     1.027     3.644
 2012.50581793    -3.580     3.700
 2012.50855578     1.834     3.562
 2012.51129363    -0.626     3.644
 2012.51403149     4.236     3.700
 2012.51676934     8.109     3.644
 2012.51950719     2.055     3.700
 2012.52224504     6.187     3.700
 2012.52498289     5.247     3.562
 2012.52772074    11.444     3.562
 2012.53045859    10.303     3.644
 2012.53319644    12.476     3.562
 2012.53593429     9.358     3.700
 2012.53867214     7.690     3.700
 2012.54140999     6.120     3.644
 2012.54414784     7.501     3.644
 2012.54688569     5.169     3.644
 2012.54962355     3.123     3.644
 2012.55236140     3.237     3.562
 2012.55509925     3.005     3.562
 2012.55783710     0.432     3.562
 2012.56057495     0.509     3.644
 2012.56331280    -5.421     3.644
 2012.56605065    -4.055     3.700
 2012.56878850     2.282     3.644
 2012.57152635     7.293     3.700
 2012.57426420     8.028     3.644
 2012.57700205     5.488     3.644
 2012.57973990     3.661     3.644
 2012.58247775     3.475     3.700
 2012.58521561     1.312     3.562
 2012.58795346     4.281     3.700
 2012.59069131    -5.152     3.644
 2012.59342916    -0.168     3.700
 2012.59616701     9.380     3.562
 2012.59890486     7.787     3.700
 2012.60164271     7.232     3.700
 2012.60438056     3.772     3.644
 2012.60711841     1.437     4.070
 2012.60985626    -3.754     3.644
 2012.61259411    -0.230     3.562
 2012.61533196    -1.167     3.562
 2012.61806982     2.116     3.562
 2012.62080767    -3.767     3.562
 2012.62354552    -1.214     3.700
 2012.62628337     5.405     3.700
 2012.62902122     2.533     3.562
 2012.63175907     2.268     3.562
 2012.63449692     2.134     3.562
 2012.63723477     0.073     3.700
 2012.63997262     1.654     3.700
 2012.64271047     3.701     3.700
 2012.64544832     7.208     3.644
 2012.64818617     3.840     3.562
 2012.65092402     8.850     3.700
 2012.65366188     7.396     3.644
 2012.65639973     5.402     3.644
 2012.65913758     1.005     3.700
 2012.66187543     0.773     3.700
 2012.66461328     3.316     3.700
 2012.66735113    -4.147     3.700
 2012.67008898    -0.297     3.644
 2012.67282683    -0.873     3.700
 2012.67556468     0.674     3.700
 2012.67830253     1.926     3.700
 2012.68104038    -1.066     3.562
 2012.68377823     1.182     3.644
 2012.68651608     1.050     3.700
 2012.68925394    -2.053     3.700
 2012.69199179     2.232     3.644
 2012.69472964    -3.096     3.700
 2012.69746749     7.347     3.839
 2012.70020534     3.294     3.782
 2012.70294319     9.022     3.700
 2012.70568104    13.390     3.839
 2012.70841889     5.333     3.700
 2012.71115674     4.158     3.644
 2012.71389459     3.209     3.700
 2012.71663244     5.686     3.700
 2012.71937029    -0.767     3.700
 2012.72210815     0.007     3.700
 2012.72484600    -0.199     3.562
 2012.72758385     0.042     3.562
 2012.73032170     1.166     3.644
 2012.73305955     1.622     3.700
 2012.73579740     3.815     3.700
 2012.73853525     5.714     3.562
 2012.74127310     4.597     3.644
 2012.74401095     3.003     3.644
 2012.74674880     1.852     3.644
 2012.74948665     3.599     3.562
 2012.75222450     2.455     3.700
 2012.75496235     3.328     3.700
 2012.75770021     1.213     3.562
 2012.76043806     2.141     3.562
 2012.76317591     2.423     3.562
 2012.76591376     1.378     3.644
 2012.76865161    -4.595     3.700
 2012.77138946     2.041     3.700
 2012.77412731    -0.928     3.700
 2012.77686516    -4.391     3.700
 2012.77960301     0.803     3.644
 2012.78234086    -0.761     3.644
 2012.78507871     2.092     3.644
 2012.78781656     1.005     3.700
 2012.79055441     6.780     3.700
 2012.79329227     1.376     3.700
 2012.79603012    -2.478     3.644
 2012.79876797    -1.403     3.644
 2012.80150582    -4.191     3.700
 2012.80424367    -2.116     3.700
 2012.80698152    -2.383     3.644
 2012.80971937    -5.078     3.700
 2012.81245722    -1.497     3.700
 2012.81519507     0.937     3.700
 2012.81793292     7.826     3.782
 2012.82067077     4.246     3.782
 2012.82340862    -1.890     3.700
 2012.82614648     6.825     3.644
 2012.82888433     8.776     3.700
 2012.83162218     6.831     3.700
 2012.83436003     6.249     3.700
 2012.83709788     5.173     3.700
 2012.83983573     5.486     3.700
 2012.84257358     9.719     3.644
 2012.84531143     5.366     3.700
 2012.84804928    -0.778     3.700
 2012.85078713     0.035     3.700
 2012.85352498     3.681     3.700
 2012.85626283     8.286     3.700
 2012.85900068     5.700     3.700
 2012.86173854     2.313     3.782
 2012.86447639    -0.215     3.700
 2012.86721424     1.582     3.700
 2012.86995209     0.750     3.782
 2012.87268994     6.454     3.700
 2012.87542779     3.850     3.700
 2012.87816564     0.618     3.700
 2012.88090349     7.427     3.644
 2012.88364134     7.797     3.700
 2012.88637919     3.293     3.644
 2012.88911704     5.339     3.700
 2012.89185489    -0.810     3.700
 2012.89459274    -0.030     3.644
 2012.89733060     2.706     3.562
 2012.90006845     3.564     3.562
 2012.90280630     4.365     3.700
 2012.90554415     8.307     3.700
 2012.90828200     4.019     3.700
 2012.91101985     5.342     3.700
 2012.91375770     5.459     3.562
 2012.91649555     7.807     3.644
 2012.91923340     5.925     3.700
 2012.92197125     5.958     3.700
 2012.92470910    11.081     3.562
 2012.92744695    12.514     3.562
 2012.93018480    10.177     3.700
 2012.93292266     7.555     3.700
 2012.93566051     6.209     3.700
 2012.93839836     0.695     3.562
 2012.94113621     3.321     3.562
 2012.94387406    -1.339     3.562
 2012.94661191    -0.917     3.644
 2012.94934976     3.047     3.700
 2012.95208761     3.132     3.700
 2012.95482546     6.009     3.562
 2012.95756331     5.410     3.700
 2012.96030116     5.359     3.700
 2012.96303901     4.764     3.700
 2012.96577687    -0.331     3.700
 2012.96851472    -0.647     3.562
 2012.97125257    -0.511     3.700
 2012.97399042    -0.347     3.700
 2012.97672827     2.124     3.700
 2012.98220397     9.766     3.644
 2012.98494182    10.917     3.700
 2012.98767967     5.494     3.700
 2012.99041752     6.913     3.700
 2012.99315537     6.096     3.700
 2012.99589322     7.928     3.700
 2012.99863107     1.512     4.809
 2013.00136893     4.537     3.700
 2013.00684463    -0.680     3.700
 2013.00958248    -0.376     3.700
 2013.01232033    -4.671     3.700
 2013.01505818    -1.962     3.700
 2013.01779603     1.065     3.700
 2013.02053388    -1.219     3.700
 2013.02327173     2.741     3.700
 2013.02600958    -3.529     3.700
 2013.02874743     0.462     3.782
 2013.03148528    -0.656     3.700
 2013.03422313    -1.389     3.700
 2013.03696099    -0.923     3.700
 2013.03969884     1.948     3.700
 2013.04243669     4.079     3.700
 2013.04517454     1.388     3.700
 2013.04791239     2.702     3.700
 2013.05065024     5.024     3.700
 2013.05338809     2.715     3.700
 2013.05612594     5.264     3.700
 2013.05886379     0.263     3.700
 2013.06160164     7.425     3.700
 2013.06433949     9.577     3.700
 2013.06707734     4.765     3.700
 2013.06981520     4.865     3.700
 2013.07255305     7.027     3.700
 2013.07529090    15.949     3.700
 2013.07802875     0.667     3.700
 2013.08076660     2.483     3.700
 2013.08350445     5.350     3.700
 2013.08624230     7.216     3.700
 2013.08898015     4.490     3.644
 2013.09171800     1.231     3.700
 2013.09445585     1.080     3.700
 2013.09719370    -4.606     3.700
 2013.09993155     3.130     3.700
 2013.10266940     7.882     3.839
 2013.10540726     2.204     3.700
 2013.10814511    -0.316     3.700
 2013.11088296    -5.784     3.644
 2013.11362081    -1.234     3.700
 2013.11635866     3.348     3.700
 2013.11909651    -3.448     3.782
 2013.12183436     0.107     3.782
 2013.12457221    -0.505     3.700
 2013.12731006    -1.718     3.700
 2013.13004791    -2.860     3.644
 2013.13278576     0.233     3.644
 2013.13552361     1.390     3.644
 2013.13826146    -5.904     3.700
 2013.14099932    -6.493     3.700
 2013.14373717    -6.384     3.782
 2013.14647502    -3.731     3.920
 2013.14921287    -2.738     3.782
 2013.15195072    -2.409     3.700
 2013.15468857    -6.659     3.700
 2013.15742642    -1.947     3.644
 2013.16016427    -1.606     3.700
 2013.16290212     7.029     3.700
 2013.16563997     2.628     3.700
 2013.16837782     0.943     3.700
 2013.17111567     2.777     3.700
 2013.17385352     0.497     3.700
 2013.17659138     2.346     3.700
 2013.17932923     3.804     3.782
 2013.18206708     0.862     3.700
 2013.18480493     7.204     3.700
 2013.18754278     4.570     3.700
 2013.19028063     1.527     3.700
 2013.19301848     4.196     3.700
 2013.19575633     7.051     3.700
 2013.19849418     7.853     3.700
 2013.20123203     9.288     3.644
 2013.20396988     6.417     3.700
 2013.20670773     5.279     3.700
 2013.20944559     7.186     3.700
 2013.21218344     4.004     3.644
 2013.21492129     3.079     3.644
 2013.21765914     3.870     3.562
 2013.22039699    -1.102     3.700
 2013.22313484    -1.462     3.700
 2013.22587269     0.099     3.700
 2013.22861054    -0.270     3.644
 2013.23134839     0.682     3.644
 2013.23408624     2.222     3.700
 2013.23682409     7.774     3.700
 2013.23956194     5.173     3.782
 2013.24229979     5.596     3.700
 2013.24503765     5.416     3.700
 2013.24777550     4.843     3.700
 2013.25051335     9.507     3.782
 2013.25325120     0.600     3.782
 2013.25598905    -1.922     3.700
 2013.25872690    -0.991     3.782
 2013.26146475     1.649     3.700
 2013.26420260     1.433     3.782
 2013.26694045     2.269     3.782
 2013.26967830     0.002     3.700
 2013.27241615     3.483     3.782
 2013.27515400     1.660     4.866
 2013.27789185     0.505     3.839
 2013.28062971     5.525     3.839
 2013.28336756     0.940     3.782
 2013.28610541     0.949     3.700
 2013.28884326     2.424     3.782
 2013.29158111    -0.419     3.839
 2013.29431896     0.207     3.839
 2013.29705681     6.544     3.839
 2013.29979466     2.179     3.700
 2013.30253251    -2.433     3.782
 2013.30527036    -3.345     3.782
 2013.30800821     4.028     3.839
 2013.31074606     2.042     3.839
 2013.31348392    -0.059     3.782
 2013.31622177     2.806     3.700
 2013.31895962     5.419     3.782
 2013.32169747     4.174     3.839
 2013.32443532     0.249     3.782
 2013.32717317    -0.062     3.782
 2013.32991102     2.453     3.782
 2013.33264887    -3.513     3.782
 2013.33812457    -1.782     3.839
 2013.34086242     2.944     3.839
 2013.34360027     0.317     3.782
 2013.34633812     2.525     3.782
 2013.34907598    -5.105     3.839
 2013.35181383    -0.576     3.839
 2013.35455168     3.137     3.839
 2013.35728953     3.598     3.920
 2013.36002738     6.772     3.700
 2013.36276523     4.630     3.782
 2013.36550308     6.413     3.782
 2013.36824093     8.051     3.782
 2013.37097878    11.189     3.782
 2013.37371663    10.910     3.782
 2013.37645448     9.416     3.782
 2013.37919233    10.377     3.782
 2013.38193018     4.430     3.839
 2013.38466804     6.702     3.920
 2013.38740589     6.394     3.782
 2013.39014374     6.310     3.782
 2013.39288159    10.821     3.782
 2013.39561944     3.034     3.839
 2013.39835729     2.054     3.782
 2013.40109514     3.568     3.839
 2013.40383299     5.693     3.782
 2013.40657084     0.689     3.782
 2013.40930869     3.232     3.782
 2013.41204654     0.852     3.782
 2013.41478439     2.343     3.782
 2013.41752225    -1.808     3.839
 2013.42026010    -0.025     3.839
 2013.42299795     0.361     3.700
 2013.42573580     1.204     3.700
 2013.42847365    -2.177     3.700
 2013.43121150    -0.873     3.782
 2013.43394935     0.569     3.700
 2013.43668720     1.472     3.700
 2013.43942505     4.114     3.700
 2013.44216290     3.696     3.782
 2013.44490075     1.481     3.782
 2013.44763860     0.508     3.782
 2013.45037645     5.361     3.782
 2013.45311431     2.605     3.700
 2013.45585216     2.657     3.839
 2013.45859001     6.140     3.782
 2013.46132786     2.932     3.700
 2013.46406571     4.172     3.700
 2013.46680356     3.767     3.782
 2013.46954141     9.017     5.004
 2013.47227926     9.547     3.782
 2013.47501711    12.451     3.839
 2013.47775496     4.956     3.839
 2013.48049281     1.686     3.782
 2013.48323066    -0.838     3.782
 2013.48596851    -4.622     3.700
 2013.48870637     0.034     3.839
 2013.49144422     4.207     3.839
 2013.49418207     7.418     3.782
 2013.49691992    -2.477     3.782
 2013.49965777    -0.239     3.700
 2013.50239562     0.923     3.839
 2013.50513347     2.438     3.839
 2013.50787132    -0.113     3.700
 2013.51060917    -5.721     3.782
 2013.51334702    -0.717     3.700
 2013.51608487    -3.314     3.782
 2013.51882272     1.323     3.839
 2013.52156057    -1.347     3.700
 2013.52429843    -0.556     3.700
 2013.52703628     1.199     3.839
 2013.52977413    -4.738     3.782
 2013.53251198     2.254     3.839
 2013.53524983     3.810     3.782
 2013.53798768    -0.090     3.782
 2013.54072553    -0.406     3.782
 2013.54346338    -1.428     3.700
 2013.54620123    -0.927     3.839
 2013.54893908    -1.443     3.782
 2013.55167693     1.891     3.700
 2013.55441478     1.544     3.782
 2013.55715264     2.357     3.700
 2013.55989049     0.823     3.700
 2013.56262834     1.187     3.839
 2013.56536619     0.982     3.782
 2013.56810404     6.334     3.839
 2013.57084189     7.880     3.839
 2013.57357974     2.528     3.782
 2013.57631759     1.964     3.839
 2013.57905544     9.835     3.977
 2013.58179329     9.378     3.839
 2013.58453114     2.240     3.839
 2013.58726899     3.672     3.644
 2013.59000684     5.136     3.782
 2013.59274470    -6.253     3.782
 2013.59548255     2.181     3.700
 2013.59822040    13.073     3.932
 2013.60095825     8.283     4.947
 2013.60369610     3.541     3.700
 2013.60643395     4.124     3.700
 2013.60917180     4.173     3.700
 2013.61190965     9.551     3.700
 2013.61464750     3.177     3.700
 2013.61738535     0.074     3.782
 2013.62012320     4.992     3.700
 2013.62286105     2.651     3.700
 2013.62559890     5.784     3.700
 2013.62833676     1.886     3.700
 2013.63107461     5.080     3.920
 2013.63381246     4.488     3.700
 2013.63655031     0.559     3.782
 2013.63928816    -1.403     3.644
 2013.64202601     4.048     3.700
 2013.64476386     0.107     3.700
 2013.64750171     0.772     3.644
 2013.65023956    -0.969     3.700
 2013.65297741     0.920     3.700
 2013.65571526     4.905     3.700
 2013.65845311     7.653     3.700
 2013.66119097     4.381     3.782
 2013.66392882     7.936     3.700
 2013.66666667     6.810     3.700
 2013.66940452     8.105     3.700
 2013.67214237     2.557     3.700
 2013.67488022     1.743     3.700
 2013.67761807     1.845     3.782
 2013.68035592     2.280     3.700
 2013.68309377     7.093     3.700
 2013.68583162     0.393     3.644
 2013.68856947     1.482     3.644
 2013.69130732    -0.267     3.700
 2013.69404517     1.730     3.700
 2013.69678303     1.752     3.700
 2013.69952088    -2.266     3.644
 2013.70225873    -0.019     3.700
 2013.70499658     5.086     3.644
 2013.70773443     6.716     3.700
 2013.71047228    12.304     3.700
 2013.71321013     9.419     3.700
 2013.71594798     2.966     3.644
 2013.71868583     4.240     3.700
 2013.72142368    -0.966     3.644
 2013.72416153    -0.228     3.644
 2013.72689938    -0.721     3.700
 2013.72963723    -3.327     3.644
 2013.73237509    -4.211     3.700
 2013.73511294    -0.181     3.700
 2013.73785079    -3.353     3.644
 2013.74058864     1.667     3.644
 2013.74332649    -1.931     3.644
 2013.74606434    -4.536     3.700
 2013.74880219     1.187     3.644
 2013.75154004    -0.170     3.644
 2013.75427789     3.112     3.644
 2013.75701574     2.996     3.644
 2013.75975359     1.236     3.782
 2013.76249144     5.103     3.700
 2013.76522930    -1.912     3.644
 2013.76796715    -0.661     3.700
 2013.77070500    -0.573     3.700
 2013.77344285     3.732     4.947
 2013.77618070     8.506     3.644
 2013.77891855    -2.545     3.644
 2013.78165640    -2.590     3.644
 2013.78439425     0.915     3.700
 2013.78713210    -1.406     3.782
 2013.78986995     5.184     3.644
 2013.79260780     7.392     3.644
 2013.79534565     4.456     3.644
 2013.79808350    -0.128     3.644
 2013.80082136    10.299     3.700
 2013.80355921     6.785     3.782
 2013.80629706     2.122     3.782
 2013.80903491     3.265     3.644
 2013.81177276     9.634     3.782
 2013.81451061     2.850     3.700
 2013.81724846     4.943     3.700
 2013.81998631     8.516     3.700
 2013.82272416     8.782     3.700
 2013.82546201    15.238     3.700
 2013.82819986    11.062     3.782
 2013.83093771     5.706     3.700
 2013.83367556     2.251     3.644
 2013.83641342     5.063     3.782
 2013.83915127     7.140     3.782
 2013.84188912    13.093     3.839
 2013.84462697    10.849     3.700
 2013.84736482     9.312     3.700
 2013.85010267     4.670     3.644
 2013.85284052     5.442     3.644
 2013.85557837     4.847     3.700
 2013.85831622     8.044     3.700
 2013.86105407     3.021     3.700
 2013.86379192    -0.901     3.700
 2013.86652977     1.290     3.700
 2013.86926762    -3.094     3.644
 2013.87200548     1.945     3.644
 2013.87474333    -1.258     3.644
 2013.87748118     0.620     3.700
 2013.88021903     0.457     3.644
 2013.88295688     3.622     3.644
 2013.88569473     5.818     3.782
 2013.88843258     6.264     3.644
 2013.89117043     4.044     3.644
 2013.89390828     4.473     3.644
 2013.89664613     0.479     3.644
 2013.89938398     1.953     3.700
 2013.90212183    -1.974     3.700
 2013.90485969    -3.372     3.700
 2013.90759754     4.908     3.644
 2013.91033539     2.590     3.700
 2013.91307324     0.558     3.700
 2013.91581109     3.622     3.644
 2013.91854894     4.875     3.644
 2013.92128679    -5.953     3.782
 2013.92402464     3.285     3.782
 2013.92676249     2.737     3.700
 2013.92950034     5.083     3.782
 2013.93223819     1.638     3.644
 2013.93497604    -1.210     3.644
 2013.93771389    -1.757     3.700
 2013.94045175    -4.019     3.644
 2013.94318960    -6.823     3.644
 2013.94592745    -2.344     3.644
 2013.94866530     0.001     3.700
 2013.95140315     0.618     3.700
 2013.95414100    -2.035     3.700
 2013.95687885    -2.979     3.644
 2013.95961670     1.884     3.700
 2013.96235455     3.795     3.644
 2013.96509240    -2.664     3.644
 2013.96783025     2.263     3.644
 2013.97056810    -5.506     3.644
 2013.97330595     1.422     3.700
 2013.97604381     6.899     3.644
 2013.97878166    10.005     3.644
 2013.98151951    11.605     3.644
 2013.98425736     5.105     3.644
 2013.98699521     1.236     3.644
 2013.98973306    10.867     3.644
 2013.99247091     3.143     3.644
 2013.99520876    -0.655     3.644
 2013.99794661    -3.769     3.644
 2014.00068446    -2.177     3.644
 2014.00342231    -1.789     3.644
 2014.00616016     6.426     3.644
 2014.00889802     0.893     3.700
 2014.01163587     7.894     3.644
 2014.01437372     1.978     3.644
 2014.01711157     5.594     3.782
 2014.01984942     7.359     3.700
 2014.02258727    -1.006     3.644
 2014.02532512     4.845     3.782
 2014.02806297     5.731     3.782
 2014.03353867     0.359     3.644
 2014.03627652    -3.096     3.644
 2014.03901437    -4.693     3.644
 2014.04175222     1.711     3.644
 2014.04449008     1.517     3.700
 2014.04722793     1.310     3.700
 2014.04996578     0.970     3.644
 2014.05270363     3.962     3.644
 2014.05544148     3.300     3.644
 2014.05817933     7.333     3.644
 2014.06091718     4.995     3.644
 2014.06365503     5.370     3.644
 2014.06639288     1.028     3.782
 2014.06913073     8.350     3.700
 2014.07186858    10.790     3.700
 2014.07460643     8.172     3.644
 2014.07734428     7.964     3.644
 2014.08008214     5.405     3.644
 2014.08281999     4.137     3.644
 2014.08555784     9.475     3.562
 2014.08829569    17.365     3.700
 2014.09103354     7.323     3.782
 2014.09377139     1.520     3.700
 2014.09650924     3.078     3.644
 2014.09924709    11.492     3.644
 2014.10198494    12.567     3.644
 2014.10472279    13.569     3.700
 2014.10746064    13.106     3.644
 2014.11019849    12.417     3.700
 2014.11293634    10.244     3.700
 2014.11567420     8.416     3.644
 2014.11841205    12.038     3.644
 2014.12114990    13.449     3.644
 2014.12388775     6.220     3.700
 2014.12662560    13.230     3.644
 2014.12936345    12.458     3.644
 2014.13210130     8.450     3.644
 2014.13483915     3.805     3.782
 2014.13757700     9.509     3.700
 2014.14031485    13.639     3.700
 2014.14305270     6.444     3.644
 2014.14579055     3.134     3.644
 2014.14852841     2.783     3.700
 2014.15126626     1.978     3.644
 2014.15400411     6.468     3.644
 2014.15674196    -2.642     3.782
 2014.15947981     2.555     3.700
 2014.16221766     7.510     3.782
 2014.16495551     3.935     3.782
 2014.16769336     2.550     3.644
 2014.17043121     5.934     4.728
 2014.17316906     9.866     3.700
 2014.17590691     4.603     3.700
 2014.17864476     4.844     3.644
 2014.18138261     6.532     3.850
 2014.18412047    -2.413     3.700
 2014.18685832    -3.309     3.644
 2014.18959617    -0.947     3.644
 2014.19233402    -1.335     3.644
 2014.19507187     0.603     3.700
 2014.19780972    -1.449     3.700
 2014.20054757     1.281     3.782
 2014.20328542     4.822     3.644
 2014.20602327     7.618     3.644
 2014.20876112     3.418     3.700
 2014.21149897     2.773     3.782
 2014.21423682     1.042     3.644
 2014.21697467     1.024     3.782
 2014.21971253     3.044     3.700
 2014.22245038     2.292     3.644
 2014.22518823     4.528     3.644
 2014.22792608     2.476     3.644
 2014.23066393    -2.755     3.782
 2014.23340178    -7.854     3.644
 2014.23613963    -4.096     3.644
 2014.23887748    -2.507     3.782
 2014.24161533     0.935     3.782
 2014.24435318     1.087     3.700
 2014.24709103     0.329     3.644
 2014.24982888    -3.236     3.782
 2014.25256674     0.691     3.782
 2014.25530459     4.643     3.644
 2014.25804244     7.435     3.700
 2014.26078029     6.265     3.782
 2014.26351814     0.216     3.782
 2014.26625599     1.648     3.700
 2014.26899384     7.119     3.782
 2014.27173169    -1.764     3.644
 2014.27446954     3.819     3.782
 2014.27720739     2.007     3.782
 2014.27994524     2.182     3.700
 2014.28268309     2.466     3.782
 2014.28542094     7.236     3.700
 2014.28815880    -1.794     3.782
 2014.29089665    -4.485     3.782
 2014.29363450     0.436     3.782
 2014.29637235    -0.677     3.782
 2014.29911020     0.365     3.644
 2014.30184805     4.275     3.782
 2014.30458590     2.739     3.782
 2014.30732375    -2.828     3.782
 2014.31006160    -3.503     3.782
 2014.31279945    -0.310     3.700
 2014.31553730     1.743     3.644
 2014.31827515     5.465     3.644
 2014.32101300     0.655     3.700
 2014.32375086     1.853     3.782
 2014.32648871     7.683     3.782
 2014.32922656     8.395     3.782
 2014.33196441     6.849     3.700
 2014.33744011     1.015     3.700
 2014.34017796     2.239     3.782
 2014.34291581     1.454     3.644
 2014.34839151     2.031     3.700
 2014.35112936     8.156     3.782
 2014.35386721     5.350     3.782
 2014.35660507     8.051     3.782
 2014.35934292     7.371     3.700
 2014.36208077     5.473     3.700
 2014.36481862     3.529     3.644
 2014.36755647    -3.358     3.782
 2014.37029432    -3.215     3.782
 2014.37303217     1.636     3.700
 2014.37577002     2.671     3.782
 2014.37850787     0.907     3.700
 2014.38124572     1.531     3.644
 2014.38398357     1.970     3.782
 2014.38672142     5.284     3.782
 2014.38945927     4.497     3.782
 2014.39219713     7.488     3.782
 2014.39493498     4.905     3.782
 2014.39767283     1.636     3.782
 2014.40041068    -0.056     3.782
 2014.40314853    -1.301     3.782
 2014.40588638     1.981     4.301
 2014.40862423     0.210     3.782
 2014.41136208     2.192     3.782
 2014.41409993     3.887     3.782
 2014.41683778     0.742     3.782
 2014.41957563     3.743     3.700
 2014.42231348     5.665     4.671
 2014.42505133     2.777     3.700
 2014.42778919     6.409     3.782
 2014.43052704     2.440     3.782
 2014.43326489     3.336     3.700
 2014.43600274     4.805     3.782
 2014.43874059     8.458     3.782
 2014.44147844     3.611     3.782
 2014.44421629     3.268     3.782
 2014.44695414    -1.146     3.700
 2014.44969199     9.580     3.782
 2014.45242984    -0.363     3.700
 2014.45516769     5.526     3.782
 2014.45790554     0.355     3.700
 2014.46064339     4.572     3.782
 2014.46338125     1.803     3.644
 2014.46611910     4.364     3.782
 2014.46885695     2.626     3.700
 2014.47159480     2.970     3.782
 2014.47433265    -1.137     3.700
 2014.47980835     0.180     3.782
 2014.48254620     7.080     3.700
 2014.48528405     0.800     3.700
 2014.49075975     2.220     3.700
 2014.49349760     6.318     3.644
 2014.49623546    -0.191     3.644
 2014.49897331    -1.770     3.644
 2014.50171116    -1.198     3.644
 2014.50444901     1.811     3.700
 2014.50718686     4.808     3.782
 2014.50992471     2.656     3.700
 2014.51266256     0.132     3.644
 2014.51540041     0.562     3.700
 2014.51813826     2.439     3.700
 2014.52087611     0.598     3.644
 2014.52361396     0.423     3.644
 2014.52635181    -0.549     3.644
 2014.52908966     3.310     3.644
 2014.53182752    -3.244     3.700
 2014.53456537     5.093     3.700
 2014.53730322     1.115     3.644
 2014.54004107    -1.419     3.562
 2014.54277892    -5.624     3.700
 2014.54551677     1.191     3.700
 2014.54825462     1.843     3.644
 2014.55099247     2.573     3.725
 2014.55373032    -2.688     3.644
 2014.55646817     2.499     3.644
 2014.55920602    -3.304     3.644
 2014.56194387    -3.012     3.700
 2014.56468172     6.154     3.782
 2014.56741958     3.806     3.700
 2014.57015743     3.191     3.782
 2014.57289528     5.815     3.782
 2014.57563313     6.672     3.700
 2014.57837098     7.781     3.700
 2014.58110883     5.935     3.644
 2014.58384668     1.888     3.644
 2014.58658453    -1.957     3.782
 2014.58932238     8.796     3.920
 2014.59206023     2.461     3.782
 2014.59479808    -0.474     3.782
 2014.59753593     4.448     3.700
 2014.60027379     4.116     3.782
 2014.60301164     1.236     3.782
 2014.60574949     8.187     3.782
 2014.60848734     7.254     3.782
 2014.61122519     9.915     3.782
 2014.61396304     2.235     3.920
 2014.61670089     9.195     3.782
 2014.61943874     6.483     3.782
 2014.62217659     6.873     3.782
 2014.62491444     5.297     3.782
 2014.62765229     7.415     3.782
 2014.63039014     9.769     3.782
 2014.63312799     5.244     3.782
 2014.63586585     9.051     3.782
 2014.63860370     1.793     3.782
 2014.64134155     8.339     3.782
 2014.64407940     9.133     3.782
 2014.64681725     7.727     3.782
 2014.64955510    -0.908     3.700
 2014.65229295     0.584     3.700
 2014.65503080     1.970     3.644
 2014.65776865     0.644     3.644
 2014.66050650    -4.949     3.782
 2014.66324435     1.252     3.782
 2014.66598220    -5.025     3.782
 2014.66872005     0.606     3.700
 2014.67145791    -3.197     3.644
 2014.67419576    -8.487     3.644
 2014.67967146     1.871     3.700
 2014.68240931    -2.183     3.700
 2014.68514716    -1.129     3.782
 2014.68788501     5.044     3.782
 2014.69062286     6.060     3.782
 2014.69336071    -1.752     3.700
 2014.69609856    -4.507     3.644
 2014.69883641    -6.816     3.700
 2014.70157426    -4.686     3.725
 2014.70431211    -8.040     3.782
 2014.70704997    -2.323     3.644
 2014.70978782    -2.702     3.644
 2014.71252567    -1.002     3.700
 2014.71526352    -2.048     3.644
 2014.71800137     0.880     3.644
 2014.72073922     1.811     3.644
 2014.72347707     6.172     3.644
 2014.72621492     3.005     3.700
 2014.72895277     0.681     3.644
 2014.73169062     3.868     3.644
 2014.73442847     4.826     3.644
 2014.73716632     6.623     3.644
 2014.73990418     4.155     3.562
 2014.74264203     2.121     3.700
 2014.74537988     1.625     3.644
 2014.74811773    -1.158     3.700
 2014.75085558    -4.850     3.644
 2014.75359343    -1.624     3.644
 2014.75633128     0.738     3.644
 2014.75906913     0.634     3.644
 2014.76180698     0.905     3.644
 2014.76454483     1.884     3.644
 2014.76728268     8.316     3.782
 2014.77002053     9.185     3.644
 2014.77275838     7.295     3.782
 2014.77549624     8.849     3.644
 2014.77823409     6.191     3.644
 2014.78097194     6.219     3.644
 2014.78370979     8.568     3.644
 2014.78644764     5.569     3.644
 2014.78918549     7.067     3.644
 2014.79192334     8.296     3.644
 2014.79466119     8.331     3.644
 2014.79739904     5.028     3.644
 2014.80013689     8.840     3.782
 2014.80287474    11.047     3.644
 2014.80561259     8.142     3.782
 2014.80835044    -0.248     3.644
 2014.81108830     3.832     3.644
 2014.81382615     1.386     3.644
 2014.81656400     2.554     3.644
 2014.81930185     5.519     3.644
 2014.82203970     6.605     3.700
 2014.82477755     3.097     3.782
 2014.82751540    -1.752     3.700
 2014.83025325     0.739     3.700
 2014.83299110     5.560     3.782
 2014.83572895     1.135     3.700
 2014.83846680     2.974     3.782
 2014.84120465    10.037     3.782
 2014.84394251    10.251     3.700
 2014.84668036     9.827     3.700
 2014.84941821     4.991     3.700
 2014.85215606     3.133     3.700
 2014.85489391     3.513     3.782
 2014.85763176    -1.410     3.700
 2014.86036961     6.995     3.782
 2014.86310746     1.502     3.700
 2014.86584531     2.650     3.700
 2014.86858316     3.305     3.700
 2014.87132101     7.590     3.700
 2014.87405886     8.506     3.700
 2014.87679671     6.009     3.700
 2014.87953457     6.332     3.700
 2014.88227242     2.383     3.700
 2014.88501027     1.260     3.700
 2014.89048597     2.581     3.782
 2014.89322382     4.451     3.782
 2014.89596167     1.406     3.782
 2014.89869952     1.731     3.782
 2014.90143737    -0.746     3.782
 2014.90417522     4.211     3.782
 2014.90691307     5.322     3.700
 2014.90965092     3.814     3.700
 2014.91238877     2.818     3.700
 2014.91512663     7.807     3.700
 2014.91786448     5.939     3.700
 2014.92060233    10.875     3.700
 2014.92334018    10.290     3.700
 2014.92607803     9.838     3.700
 2014.92881588     5.158     3.700
 2014.93155373     7.919     3.644
 2014.93429158     8.559     3.700
 2014.93702943     9.588     3.644
 2014.93976728     7.665     3.700
 2014.94250513    13.035     3.700
 2014.94524298     8.875     3.782
 2014.94798084    10.967     3.700
 2014.95071869     8.405     3.700
 2014.95345654     5.755     3.700
 2014.95619439     9.774     3.700
 2014.95893224     3.868     3.644
 2014.96167009     8.544     3.700
 2014.96440794     8.444     3.644
 2014.96714579     2.620     3.700
 2014.96988364    -0.489     3.700
 2014.97262149     2.390     3.644
 2014.97535934     3.356     3.700
 2014.97809719     4.066     3.700
 2014.98083504     4.499     3.700
 2014.98357290    -4.310     3.700
 2014.98631075     1.266     3.700
 2014.98904860     4.050     3.644
 2014.99178645    -4.271     3.700
 2014.99452430   -15.536     3.700
 2014.99726215    -4.639     3.644
 2015.00000000    -0.817     3.644
 2015.00273785     1.498     3.700
 2015.00547570     8.019     3.700
 2015.00821355     2.311     3.700
 2015.01095140    -6.117     3.700
 2015.01368925    -3.014     3.700
 2015.01642710    -0.763     3.700
 2015.01916496     0.290     3.700
 2015.02190281    -2.692     3.700
 2015.02464066     4.694     3.782
 2015.02737851     5.086     3.700
 2015.03011636     6.711     3.782
 2015.03285421     1.445     3.700
 2015.03559206    -2.566     3.700
 2015.03832991     3.019     3.782
 2015.04106776     2.366     3.700
 2015.04380561     5.061     3.644
 2015.04654346    -0.517     3.700
 2015.04928131    -0.194     3.700
 2015.05201916    -3.617     3.700
 2015.05475702    -3.941     3.700
 2015.05749487     0.029     3.700
 2015.06023272    -0.637     3.700
 2015.06297057    -3.994     3.782
 2015.06570842    -2.682     3.782
 2015.06844627    -4.844     3.700
 2015.07118412     0.085     3.782
 2015.07392197    -7.021     3.700
 2015.07665982     4.266     3.782
 2015.07939767    15.419     3.782
 2015.08213552    12.373     3.700
 2015.08487337    12.251     3.700
 2015.08761123    13.862     3.782
 2015.09034908     4.650     3.782
 2015.09308693     3.951     3.700
 2015.09582478     1.908     3.700
 2015.09856263    -2.959     3.700
 2015.10130048    -2.700     3.782
 2015.10403833     3.925     3.782
 2015.10677618    -0.196     3.700
 2015.10951403    -0.418     3.782
 2015.11225188    -5.288     3.782
 2015.11498973    -3.511     3.782
 2015.11772758     1.550     3.700
 2015.12046543     0.893     3.700
 2015.12320329     1.719     3.700
 2015.12594114    -5.352     3.700
 2015.12867899     0.399     3.644
 2015.13141684    -2.621     3.782
 2015.13415469    -1.826     3.782
 2015.13689254     3.201     3.782
 2015.13963039     3.443     3.782
 2015.14236824     3.737     3.782
 2015.14510609     6.506     3.700
 2015.14784394     9.196     3.700
 2015.15058179     0.626     3.700
 2015.15331964    -5.428     3.782
 2015.15605749    -4.754     3.700
 2015.15879535     0.122     3.700
 2015.16153320    -2.246     3.700
 2015.16427105     3.584     3.700
 2015.16700890     3.751     3.782
 2015.41067762    -2.345     3.644
 2015.41341547     5.923     3.644
 2015.41615332    -4.077     3.644
 2015.41889117     7.763     3.782
 2015.42162902     4.216     3.644
 2015.42436687    -2.412     3.644
 2015.42710472    -2.796     3.700
 2015.42984257    -1.680     3.782
 2015.43258042    -6.064     3.644
 2015.43531828    -7.136     3.644
 2015.43805613     0.848     3.644
 2015.44079398     1.046     3.644
 2015.44353183     4.745     3.864
 2015.44626968    -0.048     3.644
 2015.44900753    -1.582     3.782
 2015.45174538     2.875     3.644
 2015.45448323    -1.487     3.725
 2015.45722108     3.737     3.644
 2015.45995893    -1.627     3.782
 2015.46269678     2.209     3.782
 2015.46543463    -1.253     3.782
 2015.46817248    -2.622     3.644
 2015.47091034     0.807     3.644
 2015.47364819    -1.667     3.782
 2015.47638604    -2.760     3.782
 2015.47912389    -4.739     3.782
 2015.48186174    -2.995     3.782
 2015.48459959    -1.597     3.644
 2015.48733744    -1.370     3.782
 2015.49007529    -3.796     3.644
 2015.49281314    -1.491     3.644
 2015.49555099    -5.062     3.725
 2015.49828884    -1.307     3.644
 2015.50102669    -5.118     3.782
 2015.50376454    -0.150     3.782
 2015.50650240    -2.378     3.644
 2015.50924025     0.122     3.782
 2015.51197810     6.236     3.644
 2015.51471595     9.288     3.644
 2015.51745380     3.654     3.782
 2015.52019165     3.890     3.644
 2015.52292950     2.813     3.644
 2015.52566735    -3.254     3.644
 2015.52840520    -0.583     3.644
 2015.53114305     0.028     3.644
 2015.53388090    -0.770     3.644
 2015.53661875    -2.191     3.644
 2015.53935661    -2.512     3.644
 2015.54209446    -2.898     3.864
 2015.54483231     3.323     3.700
 2015.54757016     1.226     3.700
 2015.55030801     1.110     3.700
 2015.55304586     5.597     3.782
 2015.55578371    -3.524     3.700
 2015.55852156    -0.984     3.644
 2015.56125941     0.727     3.644
 2015.56399726     3.247     3.782
 2015.56673511     5.652     3.700
 2015.56947296     2.930     3.700
 2015.57221081     8.066     3.782
 2015.57494867     5.638     3.920
 2015.57768652     3.636     3.782
 2015.58042437    -0.415     3.782
 2015.58316222    -7.004     3.700
 2015.58590007    -4.422     3.700
 2015.58863792     3.198     3.920
 2015.59137577     7.179     3.782
 2015.59411362     1.404     3.700
 2015.59685147     1.482     3.700
 2015.59958932    -1.623     3.864
 2015.60232717    -5.785     3.782
 2015.60506502    -0.024     3.700
 2015.60780287    -4.496     3.782
 2015.61054073    -1.970     3.782
 2015.61327858    -3.117     3.700
 2015.61601643    -3.224     3.782
 2015.61875428     1.941     3.644
 2015.62149213     9.972     3.700
 2015.62422998    -0.283     3.700
 2015.62696783     7.971     3.700
 2015.62970568     1.552     3.644
 2015.63244353    -4.106     3.644
 2015.63518138    -1.479     3.644
 2015.63791923    -1.390     3.644
 2015.64065708    -3.073     3.644
 2015.64339493     1.338     3.644
 2015.64613279    10.456     3.700
 2015.64887064    11.399     3.782
 2015.65160849     9.505     3.644
 2015.65434634     6.948     3.700
 2015.65708419     4.651     3.644
 2015.65982204     4.545     3.644
 2015.66255989     2.887     3.644
 2015.66529774     2.904     3.782
 2015.66803559     7.595     3.700
 2015.67077344     5.610     3.644
 2015.67351129     3.056     3.644
 2015.67624914     3.470     3.644
 2015.67898700     7.324     3.782
 2015.68172485     1.679     3.644
 2015.68446270    -0.854     3.644
 2015.68720055    -3.378     3.644
 2015.68993840     0.175     3.644
 2015.69267625    -5.405     3.644
 2015.69541410    -3.803     3.644
 2015.69815195     1.690     3.644
 2015.70088980     3.935     3.644
 2015.70362765     2.576     3.644
 2015.70636550     7.110     3.644
 2015.70910335    13.050     3.644
 2015.71184120     8.479     3.700
 2015.71457906     4.643     3.644
 2015.71731691     0.102     3.644
 2015.72005476     3.539     3.644
 2015.72279261     6.079     3.644
 2015.72553046     2.790     3.644
 2015.72826831    -1.494     3.644
 2015.73100616     4.496     3.644
 2015.73374401    -1.140     3.644
 2015.73648186     0.727     3.644
 2015.73921971    -2.927     3.644
 2015.74195756    -8.078     3.725
 2015.74469541    -7.868     3.644
 2015.74743326    -4.089     3.782
 2015.75017112    -1.203     3.782
 2015.75290897     4.118     3.644
 2015.75564682    -1.388     3.644
 2015.75838467     0.632     3.644
 2015.76112252     0.831     3.644
 2015.76386037     2.095     3.644
 2015.76659822     3.741     3.644
 2015.76933607     2.687     3.644
 2015.77207392     3.813     3.644
 2015.77481177    -0.514     3.644
 2015.77754962     3.082     3.644
 2015.78028747     3.198     3.644
 2015.78302533     0.969     3.644
 2015.78576318    -1.364     3.644
 2015.78850103     2.252     3.644
 2015.79123888     0.513     3.644
 2015.79397673     8.944     3.644
 2015.79671458     7.470     3.644
 2015.79945243     2.956     3.644
 2015.80219028     4.292     3.644
 2015.80492813     4.065     3.644
 2015.80766598     8.719     3.644
 2015.81040383     5.749     3.644
 2015.81314168     2.090     3.644
 2015.81587953     0.290     3.644
 2015.81861739     2.482     3.644
 2015.82135524    -2.059     3.644
 2015.82409309     0.665     3.644
 2015.82683094    -2.513     3.644
 2015.82956879    -5.213     3.644
 2015.83230664    -2.561     3.644
 2015.83504449    -0.991     3.644
 2015.83778234     0.609     3.644
 2015.84325804     4.651     3.782
 2015.84599589     1.822     3.644
 2015.84873374     2.667     3.644
 2015.85420945     4.028     3.700
 2015.85694730     4.004     3.782
 2015.85968515     6.173     3.725
 2015.86242300     0.591     3.725
 2015.86516085     2.478     3.644
 2015.86789870     2.588     3.782
 2015.87063655     0.187     3.782
 2015.87337440     2.042     3.725
 2015.87611225     3.293     3.782
 2015.87885010     2.420     3.725
 2015.88158795     2.701     3.782
 2015.88432580     0.754     3.782
 2015.88706366    -0.528     3.644
 2015.88980151     1.834     3.644
 2015.89253936    -4.990     3.644
 2015.89527721    -2.708     3.644
 2015.89801506     4.073     3.644
 2015.90075291     6.303     3.644
 2015.90349076     0.226     3.644
 2015.90622861     5.376     3.725
 2015.90896646     6.530     3.725
 2015.91170431     6.600     3.725
 2015.91444216     3.799     3.725
 2015.91718001     3.289     3.725
 2015.91991786    -0.015     3.725
 2015.92265572    -0.542     3.725
 2015.92539357     1.960     3.725
 2015.92813142    -4.576     3.782
 2015.93086927     9.100     3.864
 2015.93360712    -4.911     3.725
 2015.93634497    -8.839     3.782
 2015.93908282   -12.794     3.725
 2015.94182067    -5.814     3.782
 2015.94455852    -7.678     3.782
 2015.94729637    -2.295     3.725
 2015.95003422    -5.620     3.644
 2015.95277207    -3.797     3.725
 2015.95550992    -5.933     3.644
 2015.95824778    -3.037     3.725
 2015.96098563    -2.816     4.891
 2015.96372348    -0.182     3.725
 2015.96646133    -2.197     3.782
 2015.96919918    -4.311     3.782
 2015.97193703     1.323     3.725
 2015.97467488    -1.613     3.725
 2015.97741273    -6.508     3.644
 2015.98015058    -6.015     3.725
 2015.98288843     0.075     3.644
 2015.98562628    -1.222     3.644
 2015.98836413    -2.464     3.725
 2015.99110198    -9.544     3.644
 2015.99383984    -5.871     3.644
 2015.99657769    -0.962     3.644
 2015.99931554     0.655     3.644
 2016.00205339    -9.985     3.644
 2016.00479124    -5.907     3.644
 2016.00752909    -1.960     3.644
 2016.01026694     3.493     3.644
 2016.01300479     5.859     3.644
 2016.01574264     6.707     3.644
 2016.01848049     9.864     3.725
 2016.02121834     6.638     3.725
 2016.02395619     4.241     3.725
 2016.02669405     4.068     3.725
 2016.02943190     8.522     3.644
 2016.03216975     6.925     3.644
 2016.03490760     3.378     3.644
 2016.03764545     1.412     3.644
 2016.04038330     5.556     3.644
 2016.04312115     4.220     3.644
 2016.04585900     2.159     3.644
 2016.04859685     3.155     3.644
 2016.05133470     4.206     3.644
 2016.05407255    -0.352     3.644
 2016.05681040    -2.455     3.644
 2016.05954825     2.341     3.644
 2016.06228611    -1.313     3.644
 2016.06502396     2.119     3.644
 2016.06776181     1.370     3.725
 2016.07049966     6.369     3.725
 2016.07323751     8.639     3.725
 2016.07597536     3.121     3.644
 2016.07871321     7.205     3.725
 2016.08145106     4.715     3.644
 2016.08418891     3.690     3.725
 2016.08692676    -4.569     3.644
 2016.08966461    -0.472     3.644
 2016.09240246     0.601     3.644
 2016.09514031    -6.773     3.644
 2016.09787817    -8.916     3.644
 2016.10061602    -1.358     3.644
 2016.10335387    -4.856     3.644
 2016.10609172     6.904     3.644
 2016.10882957     6.811     3.644
 2016.11156742     3.223     3.644
 2016.11430527     0.518     3.644
 2016.11704312     2.228     3.644
 2016.11978097     1.937     3.644
 2016.12251882     1.949     3.644
 2016.12525667    -2.823     3.644
 2016.12799452    -6.874     3.644
 2016.13073238    -4.075     3.644
 2016.13347023    -2.925     3.644
 2016.13620808    -1.400     3.644
 2016.13894593     0.908     3.644
 2016.14168378     1.191     3.644
 2016.14442163    -0.050     3.725
 2016.14715948    -3.126     3.644
 2016.14989733    -3.058     3.644
 2016.15263518    -3.392     3.644
 2016.15537303    -4.343     3.644
 2016.15811088    -8.124     3.644
 2016.16084873    -9.267     3.644
 2016.16358658   -10.086     3.725
 2016.16632444     0.898     3.725
 2016.16906229     5.043     3.644
 2016.17180014    -3.047     3.644
 2016.17453799    -0.256     3.644
 2016.17727584    -0.393     3.644
 2016.18001369     4.185     3.644
 2016.18275154    -1.175     3.644
 2016.18548939   -10.626     3.782
 2016.18822724    -1.912     3.644
 2016.19096509    -8.358     3.644
 2016.19370294    -3.460     3.644
 2016.19644079    -3.857     3.644
 2016.19917864    -3.801     3.644
 2016.20191650    -6.549     3.725
 2016.20465435    -4.169     3.644
 2016.20739220    -3.376     3.725
 2016.21013005     2.536     3.725
 2016.21286790    -0.547     3.725
 2016.21560575     3.923     3.725
 2016.21834360     3.096     3.644
 2016.22108145     4.706     3.644
 2016.22381930     6.810     3.644
 2016.22929500     3.092     3.644
 2016.23203285     2.867     3.644
 2016.23477070     0.886     3.644
 2016.23750856     4.794     3.725
 2016.24024641     5.336     3.725
 2016.24298426     3.538     3.725
 2016.24572211    -0.825     3.644
 2016.24845996    -0.681     3.644
 2016.25119781    -2.252     3.644
 2016.25393566    -1.653     3.644
 2016.25667351     4.925     3.644
 2016.25941136     3.726     3.725
 2016.26214921     6.389     3.644
 2016.26488706     3.784     3.644
 2016.26762491     6.410     3.644
 2016.27036277     6.113     3.644
 2016.27310062     3.122     3.644
 2016.27583847     0.433     3.644
 2016.27857632     1.448     3.644
 2016.28131417    -0.857     3.644
 2016.28405202    -0.398     3.725
 2016.28678987     2.614     3.644
 2016.28952772     5.091     3.644
 2016.29226557     8.981     3.644
 2016.29500342     5.293     3.644
 2016.29774127     2.230     3.644
 2016.30047912     0.924     3.644
 2016.30321697     0.513     3.644
 2016.30595483     1.231     3.644
 2016.30869268    -1.954     3.644
 2016.31143053     1.017     3.644
 2016.31416838    -5.241     3.644
 2016.31690623     1.391     3.644
 2016.31964408     3.078     3.725
 2016.32238193    -3.180     3.725
 2016.32511978    -3.844     3.644
 2016.32785763    -5.623     3.644
 2016.33059548    -3.303     3.644
 2016.33333333    -4.085     3.644
 2016.33607118    -3.979     4.521
 2016.33880903    -3.765     3.725
 2016.34154689   -11.441     3.644
 2016.34428474    -3.925     3.644
 2016.34702259    -1.187     3.725
 2016.34976044     3.999     3.725
 2016.35249829     0.019     3.644
 2016.35523614    -3.825     3.644
 2016.35797399     0.344     3.644
 2016.36071184    -0.221     3.644
 2016.36344969     8.566     3.644
 2016.36618754     7.823     3.644
 2016.36892539     4.923     3.644
 2016.37166324    -1.929     3.644
 2016.37440110     4.680     3.644
 2016.37713895     3.942     3.644
 2016.37987680     1.302     3.644
 2016.38261465     1.324     3.644
 2016.38535250    -0.400     3.644
 2016.38809035     7.448     3.644
 2016.39082820     7.772     3.644
 2016.39356605     6.017     3.644
 2016.39630390    -0.880     3.644
 2016.39904175    -1.765     3.644
 2016.40177960    -3.232     3.644
 2016.40451745     8.332     3.725
 2016.40725530     1.147     3.644
 2016.40999316     5.994     3.644
 2016.41273101     4.236     3.644
 2016.41546886    -4.136     3.725
 2016.41820671    -1.093     3.644
 2016.42094456    -1.708     4.659
 2016.42642026     4.532     3.644
 2016.42915811    -3.600     3.644
 2016.43189596    -0.124     3.644
 2016.43463381     2.800     3.644
 2016.43737166     4.843     3.644
 2016.44010951     6.756     3.644
 2016.44284736     9.997     3.644
 2016.44558522     2.280     3.644
 2016.44832307    10.074     3.644
 2016.45106092     7.889     3.587
 2016.45379877     6.837     3.644
 2016.45653662     2.660     3.644
 2016.45927447     7.335     3.644
 2016.46201232     6.024     3.644
 2016.46475017     3.879     3.644
 2016.46748802    -1.465     3.644
 2016.47022587     3.821     3.644
 2016.47296372    -1.351     3.644
 2016.47570157     5.253     3.644
 2016.47843943    -1.675     3.644
 2016.48117728     6.819     3.864
 2016.48391513     6.491     3.725
 2016.48665298     7.367     3.644
 2016.48939083     2.274     3.725
 2016.49212868     0.456     3.644
 2016.49486653     3.437     3.725
 2016.49760438     6.409     3.644
 2016.50034223     2.844     3.644
 2016.50308008    -0.574     3.725
 2016.50581793     1.136     3.725
 2016.50855578    -0.609     3.725
 2016.51129363     2.487     3.725
 2016.51403149    -1.863     3.644
 2016.51676934    -1.712     3.644
 2016.51950719    -1.110     3.725
 2016.52224504    -0.676     3.644
 2016.52498289     2.362     3.644
 2016.52772074     1.008     3.644
 2016.53045859     4.975     3.644
 2016.53319644    -0.031     3.644
 2016.53593429    -3.084     3.644
 2016.53867214    -4.723     3.644
 2016.54140999     4.705     3.644
 2016.54414784     0.148     3.644
 2016.54688569    -3.365     3.644
 2016.54962355     2.233     3.644
 2016.55236140     3.650     3.644
 2016.55509925     3.155     3.644
 2016.55783710     5.809     3.644
 2016.56057495     2.651     3.644
 2016.56331280    -3.564     3.644
 2017.03422313     2.978     3.644
 2017.03696099     0.176     3.644
 2017.03969884    -2.313     3.644
 2017.04243669     2.612     3.644
 2017.04517454     1.169     3.644
 2017.04791239    -3.458     3.644
 2017.05065024     0.513     3.644
 2017.05338809    -1.660     3.644
 2017.05612594    -1.916     3.644
 2017.05886379    -2.805     3.644
 2017.06160164    -5.758     3.644
 2017.06433949     4.931     5.492
 2017.06707734    -1.424     3.644
 2017.06981520    -1.901     3.644
 2017.07255305    -1.234     3.644
 2017.07529090    -1.501     3.644
 2017.07802875    -1.496     3.644
 2017.08076660     4.870     3.644
 2017.08350445     2.569     3.644
 2017.08624230     1.942     3.644
 2017.08898015     4.645     3.644
 2017.09171800     6.598     3.644
 2017.09445585     5.796     3.644
 2017.09719370     5.989     3.644
 2017.09993155     8.525     3.644
 2017.10266940    -1.423     3.644
 2017.10540726    -1.793     3.644
 2017.10814511    -4.906     3.644
 2017.11088296    -1.820     3.644
 2017.11362081     1.656     3.644
 2017.11635866     2.443     3.644
 2017.11909651     1.812     3.644
 2017.12183436     0.887     3.644
 2017.12457221    -0.674     3.644
 2017.12731006    -0.322     3.644
 2017.13004791     0.940     3.644
 2017.13278576     1.821     3.644
 2017.13552361     6.287     3.644
 2017.13826146     6.151     3.644
 2017.14099932     9.590     3.644
 2017.14373717     4.597     3.644
 2017.14647502    11.709     3.644
 2017.14921287    12.194     3.782
 2017.15195072     2.030     3.644
 2017.15468857    -1.472     3.644
 2017.15742642     8.510     3.644
 2017.16016427     8.913     3.644
 2017.16290212     9.311     3.644
 2017.16563997     6.833     3.644
 2017.16837782     1.081     3.725
 2017.17111567    -0.185     3.644
 2017.17385352     6.910     3.644
 2017.17659138     6.342     3.644
 2017.17932923     3.694     3.725
 2017.18206708     2.807     3.644
 2017.18480493     7.251     3.644
 2017.18754278     3.642     3.644
 2017.19028063     3.595     3.644
 2017.19301848    -0.337     3.644
 2017.19575633     1.307     3.644
 2017.19849418    -3.466     3.644
 2017.20123203     5.697     3.644
 2017.20396988    -0.713     3.644
 2017.20670773     6.051     3.725
 2017.20944559     4.727     3.644
 2017.21218344     6.955     3.644
 2017.21492129     5.880     3.644
 2017.21765914     7.390     3.644
 2017.22039699     2.687     3.644
 2017.22313484     2.430     3.644
 2017.22587269    -0.041     3.644
 2017.22861054     0.992     3.644
 2017.23134839     2.986     3.644
 2017.23408624     2.876     3.644
 2017.23682409     0.182     3.644
 2017.23956194     2.102     3.644
 2017.24229979     3.260     3.644
 2017.24503765     2.261     3.644
 2017.24777550     2.930     3.644
 2017.25051335     3.333     3.644
 2017.25325120     3.200     3.644
 2017.25872690     1.235     3.644
 2017.26146475     5.151     3.725
 2017.26420260    -0.459     3.644
 2017.26694045     1.577     3.644
 2017.26967830     2.901     3.644
 2017.27241615    -0.311     3.644
 2017.27515400     5.237     3.644
 2017.27789185     2.355     3.644
 2017.28062971     2.387     3.644
 2017.28336756     3.160     3.644
 2017.28610541     6.934     3.644
 2017.28884326     1.116     3.644
 2017.29158111     2.684     3.644
 2017.29431896     2.993     3.644
 2017.29705681    -3.326     3.644
 2017.29979466     0.258     3.644
 2017.30253251     0.729     3.644
 2017.30527036     4.132     3.644
 2017.30800821     1.868     3.644
 2017.31074606     0.491     3.644
 2017.31348392     4.288     3.644
 2017.31622177    -1.329     3.644
 2017.31895962    -0.189     3.644
 2017.32169747    -1.719     3.644
 2017.32443532     4.049     3.644
 2017.32717317     1.141     3.644
 2017.32991102     2.142     3.587
 2017.33538672    -1.055     3.644
 2017.33812457    -4.603     3.644
 2017.34086242    -3.380     3.644
 2017.34360027    -1.345     3.644
 2017.34633812     8.273     3.644
 2017.34907598     2.489     3.644
 2017.35181383    -2.160     3.644
 2017.35455168     1.634     3.644
 2017.35728953     4.414     3.644
 2017.36002738     5.515     3.644
 2017.36276523     5.112     3.644
 2017.36550308     8.264     3.725
 2017.36824093     0.477     3.644
 2017.37097878    -8.074     3.644
 2017.37371663    -2.437     3.644
 2017.37645448    -0.402     3.644
 2017.37919233     3.347     3.644
 2017.38193018     0.972     3.725
 2017.38466804    -0.490     3.644
 2017.38740589    -2.744     3.644
 2017.39014374    -4.851     3.644
 2017.39288159    -1.537     3.644
 2017.39561944    -0.043     3.644
 2017.39835729    -5.075     3.644
 2017.40109514    -1.374     3.644
 2017.40383299    -1.422     3.644
 2017.40657084     0.619     3.782
 2017.40930869     8.500     3.644
 2017.41204654     6.013     3.644
 2017.41478439    -0.415     3.644
 2017.41752225    -0.351     3.644
 2017.42026010    -4.068     3.644
 2017.42299795    -4.491     3.644
 2017.42573580    -1.612     3.644
 2017.42847365     1.295     3.644
 2017.43121150     8.845     3.644
 2017.43394935     3.862     3.644
 2017.43668720     0.114     3.644
 2017.43942505    -1.748     3.644
 2017.44216290     1.208     3.644
 2017.44490075    -0.307     3.725
 2017.44763860     5.288     3.644
 2017.45037645     3.139     3.644
 2017.45311431    -0.988     3.644
 2017.45585216     0.281     3.725
 2017.45859001    -0.117     3.725
 2017.46132786    -0.478     3.644
 2017.46406571    -1.335     3.644
 2017.46680356    -4.244     3.644
 2017.46954141    -4.140     3.725
 2017.47227926    -1.296     3.644
 2017.47501711     4.542     3.782
 2017.47775496     4.394     3.725
 2017.48049281     2.047     3.644
 2017.48323066     5.445     3.782
 2017.48596851    -0.103     3.644
 2017.48870637     7.845     3.644
 2017.49144422     3.654     3.725
 2017.49418207     6.324     3.725
 2017.49691992    -0.189     3.725
 2017.49965777     5.713     3.644
 2017.50239562     2.841     3.725
 2017.50513347    -0.486     3.725
 2017.50787132    -0.758     3.644
 2017.51060917     1.722     3.644
 2017.51334702    -2.023     3.644
 2017.51608487     0.870     3.782
 2017.51882272     1.763     3.644
 2017.52156057    -1.924     3.644
 2017.52429843     0.409     3.644
 2017.52703628     3.368     3.782
 2017.52977413    -0.406     3.644
 2017.53251198    -1.115     3.644
 2017.53524983     0.770     3.644
 2017.53798768    -4.324     3.644
 2017.54072553    -4.349     3.644
 2017.54346338    -3.808     3.644
 2017.54620123    -3.094     3.644
 2017.54893908     0.298     3.644
 2017.55167693     6.001     3.725
 2017.55441478     0.169     3.725
 2017.55715264     1.349     3.644
 2017.55989049     5.752     3.644
 2017.56262834     4.484     3.644
 2017.56536619     1.542     3.644
 2017.56810404     4.444     3.725
 2017.57084189    -1.079     3.725
 2017.57357974     7.459     3.644
 2017.57631759     1.913     3.644
 2017.57905544     0.816     3.782
 2017.58179329     1.166     3.725
 2017.58453114    -2.780     3.725
 2017.58726899    -0.080     3.725
 2017.59000684     4.079     3.782
 2017.59274470     2.908     3.725
 2017.59548255    -2.115     3.644
 2017.59822040    -0.079     3.644
 2017.60095825    -2.334     3.644
 2017.60369610     0.528     3.644
 2017.60643395    -0.669     3.644
 2017.60917180    -5.197     3.644
 2017.61190965     0.674     3.725
 2017.61464750     2.763     3.644
 2017.61738535    -2.723     3.644
 2017.62012320    -3.314     3.725
 2017.62286105    -2.410     3.725
 2017.62559890    -7.587     3.644
 2017.62833676    -1.788     3.725
 2017.63107461     1.996     3.864
 2017.63381246     5.073     3.725
 2017.63655031     5.045     3.725
 2017.63928816     2.500     3.644
 2017.64202601    -1.670     3.644
 2017.64476386    -1.836     3.725
 2017.64750171    -3.367     3.725
 2017.65023956    -1.146     3.725
 2017.65297741    -2.103     3.644
 2017.65571526     3.370     3.644
 2017.65845311    -5.172     3.725
 2017.66119097    -0.985     3.725
 2017.66392882    -4.174     3.725
 2017.66666667     6.634     3.725
 2017.66940452     1.574     3.725
 2017.67214237     4.798     3.725
 2017.67488022    -1.135     3.725
 2017.67761807    -4.631     3.725
 2017.68035592    -1.262     3.725
 2017.68309377     5.041     3.782
 2017.68583162     6.738     3.782
 2017.68856947     7.486     3.725
 2017.69130732     5.302     3.644
 2017.69404517     3.876     3.644
 2017.69678303    13.326     3.725
 2017.69952088    12.022     3.725
 2017.70225873    15.390     3.782
 2017.70499658     8.549     3.864
 2017.70773443     8.910     3.725
 2017.71047228     0.657     3.644
 2017.71321013     0.978     3.644
 2017.71594798    -2.047     3.644
 2017.71868583    -0.808     3.725
 2017.72142368    -1.103     3.644
 2017.72416153    -2.047     3.725
 2017.72689938    -0.640     3.644
 2017.72963723    -4.184     3.644
 2017.73237509    -2.677     3.644
 2017.73511294    -3.589     3.644
 2017.73785079    -2.114     3.644
 2017.74058864    -1.335     3.644
 2017.74332649     3.031     3.725
 2017.74606434    -0.858     3.644
 2017.74880219     7.352     3.725
 2017.75154004     2.316     3.644
 2017.75427789     7.046     3.725
 2017.75701574     7.226     3.725
 2017.75975359     6.703     3.782
 2017.76249144     4.528     3.644
 2017.76522930    -0.749     3.644
 2017.76796715     4.681     3.644
 2017.77070500    -1.172     3.644
 2017.77344285    -2.769     3.644
 2017.77618070    -1.488     3.644
 2017.77891855     3.234     3.725
 2017.78165640     1.940     3.782
 2017.78439425     1.139     3.725
 2017.78713210    -1.271     3.644
 2017.78986995    -4.026     3.644
 2017.79260780    -6.302     3.644
 2017.79534565     2.303     3.725
 2017.79808350     0.383     3.725
 2017.80082136    -5.163     3.725
 2017.80355921    -3.631     3.725
 2017.80629706     1.174     3.644
 2017.80903491     1.306     3.644
 2017.81177276    -3.333     3.644
 2017.81451061    -5.329     3.725
 2017.81724846     2.844     3.725
 2017.81998631    -3.647     3.644
 2017.82272416    -2.210     3.644
 2017.82546201     5.249     3.644
 2017.82819986    -1.202     3.725
 2017.83093771    -1.353     3.725
 2017.83367556    -4.114     3.644
 2017.83641342     1.211     3.644
 2017.83915127     5.278     3.725
 2017.84188912     2.516     3.644
 2017.84462697     0.244     3.644
 2017.84736482     1.671     3.644
 2017.85010267    -5.743     3.644
 2017.85284052    -0.471     3.644
 2017.85557837    -4.472     3.644
 2017.85831622     2.483     3.725
 2017.86105407     1.740     3.725
 2017.86379192     8.963     3.725
 2017.86652977     6.773     3.644
 2017.86926762    -2.497     3.644
 2017.87200548    -1.079     3.644
 2017.87474333    -7.611     3.644
 2017.87748118    -4.098     3.644
 2017.88021903    -3.776     3.644
 2017.88295688     2.518     3.644
 2017.88569473    -3.133     3.644
 2017.88843258    -2.680     3.644
 2017.89117043     1.683     3.644
 2017.89390828     5.683     3.644
 2017.89664613     9.542     3.644
 2017.89938398    -7.848     3.644
 2017.90212183    -9.110     3.644
 2017.90485969    -2.848     3.644
 2017.90759754    -3.423     3.644
 2017.91033539    -0.924     3.644
 2017.91307324    -0.654     3.644
 2017.91581109    -1.445     3.644
 2017.91854894    -2.625     3.644
 2017.92128679    -0.332     3.644
 2017.92402464    -0.684     3.644
 2017.92676249    -4.943     3.644
 2017.92950034    -3.268     3.644
 2017.93223819     2.120     3.644
 2017.93497604     5.967     3.725
 2017.93771389     4.903     3.644
 2017.94045175     8.342     3.644
 2017.94318960    11.298     3.644
 2017.94592745     4.377     3.644
 2017.94866530    -6.529     3.644
 2017.95140315     3.206     3.644
 2017.95414100     6.400     3.644
 2017.95687885     8.844     3.644
 2017.95961670    -4.653     3.644
 2017.96235455    -6.931     3.644
 2017.96509240    -3.912     3.644
 2017.96783025   -11.907     3.644
 2017.97056810    -6.261     3.644
 2017.97330595    -5.852     3.644
 2017.97604381    -9.318     3.644
 2017.97878166    -0.196     3.725
 2017.98151951     2.870     3.644
 2017.98425736     6.171     3.644
 2017.98973306     9.232     3.644
 2017.99247091     7.451     3.644
 2017.99520876     9.020     3.644
 2017.99794661     6.581     3.644
 2018.00068446     6.710     3.644
 2018.00342231     8.445     3.644
 2018.00616016     0.968     3.644
 2018.00889802     9.247     3.644
 2018.01163587     5.186     3.644
 2018.01437372     5.889     3.644
 2018.01711157    -1.363     3.644
 2018.01984942    -3.624     3.644
 2018.02258727    -2.672     3.644
 2018.02532512    -3.738     3.644
 2018.02806297     0.477     3.644
 2018.03080082    -2.126     3.644
 2018.03353867    -5.922     3.644
 2018.03627652    -2.499     3.644
 2018.03901437    -1.010     3.644
 2018.04175222     5.929     3.644
 2018.04449008    10.461     3.644
 2018.04722793     6.179     3.644
 2018.04996578     8.319     3.644
 2018.05270363     0.781     3.644
 2018.05544148     3.739     3.644
 2018.05817933     2.308     3.587
 2018.06091718     2.651     3.644
 2018.06365503     2.371     3.644
 2018.06639288     6.442     3.725
 2018.06913073     2.453     3.644
 2018.07186858    -9.170     3.644
 2018.07460643    -2.584     3.644
 2018.07734428    -0.036     3.644
 2018.08008214     0.201     3.725
 2018.08281999    -2.328     3.644
 2018.08555784     2.161     3.644
 2018.08829569     2.340     3.644
 2018.09103354     1.247     3.644
 2018.09377139    -1.528     3.644
 2018.09650924    -1.988     3.725
 2018.09924709    -3.529     3.725
 2018.10198494    -1.812     3.644
 2018.10472279     0.775     3.644
 2018.10746064    -0.909     3.864
 2018.11019849     4.107     3.644
 2018.11293634     1.222     3.725
 2018.11567420    11.618     3.782
 2018.11841205     7.944     3.644
 2018.12114990     5.053     3.782
 2018.12388775     3.383     3.725
 2018.12662560     7.746     3.725
 2018.12936345    -4.198     3.644
 2018.13210130     2.007     3.644
 2018.13483915     2.664     3.644
 2018.13757700    -0.224     3.644
 2018.14031485     1.056     3.644
 2018.14305270     0.935     3.725
 2018.14579055     0.723     3.644
 2018.14852841     2.685     3.782
 2018.15126626    -1.601     3.725
 2018.15400411    -1.562     3.644
 2018.15674196    -1.035     3.644
 2018.15947981    -2.750     3.725
 2018.16221766    -2.476     3.644
 2018.16495551     1.577     3.782
 2018.16769336     4.456     3.644
 2018.17043121     7.621     3.644
 2018.17316906    11.860     3.644
 2018.17590691    12.540     3.644
 2018.17864476    18.078     3.725
 2018.18138261    11.350     3.644
 2018.18412047    12.087     3.782
 2018.18685832     4.927     3.782
 2018.18959617     8.378     3.725
 2018.19233402    13.675     3.725
 2018.19507187    14.648     3.644
 2018.19780972    10.272     3.725
 2018.20054757     6.465     3.644
 2018.20328542     3.155     3.725
 2018.20602327     4.754     3.644
 2018.20876112     4.698     3.644
 2018.21149897     7.869     3.644
 2018.21423682    11.091     3.644
 2018.21697467     1.636     3.644
 2018.21971253     6.483     3.644
 2018.22245038    10.070     3.644
 2018.22518823    13.216     3.644
 2018.22792608    10.119     3.644
 2018.23066393     7.015     3.644
 2018.23340178     0.845     3.644
 2018.23613963     4.158     3.644
 2018.23887748     5.647     3.644
 2018.24161533    18.459     3.644
 2018.24435318     8.381     3.644
 2018.24709103     5.667     3.644
 2018.24982888    -5.997     3.644
 2018.25256674     8.677     3.644
 2018.25530459    10.061     3.644
 2018.25804244    10.896     3.644
 2018.26078029     3.814     3.725
 2018.26351814     3.358     3.644
 2018.26625599     4.729     3.644
 2018.26899384     3.085     3.644
 2018.27173169     8.126     3.644
 2018.27446954     3.864     3.644
 2018.27720739     4.508     3.644
 2018.27994524     7.766     3.782
 2018.28268309     3.064     3.920
 2018.28542094     0.314     3.644
 2018.28815880     7.008     3.644
 2018.29089665     5.609     3.644
 2018.29363450    -1.595     3.782
 2018.29637235    -2.349     3.644
 2018.29911020     0.112     3.644
 2018.30184805     6.615     3.644
 2018.30458590     6.472     3.644
 2018.30732375     7.709     3.644
 2018.31006160     6.575     3.644
 2018.31279945     9.038     3.644
 2018.31553730     3.474     3.644
 2018.31827515     4.253     3.562
 2018.32101300     8.004     3.644
 2018.32375086     5.371     3.562
 2018.32648871     7.323     3.644
 2018.32922656     6.139     3.644
 2018.33196441     3.591     3.644
 2018.33470226     0.796     3.562
 2018.33744011    -1.744     3.644
 2018.34017796    -1.685     3.644
 2018.34291581    -0.454     3.644
 2018.34565366     3.271     3.644
 2018.34839151     4.982     3.562
 2018.35112936     4.643     3.562
 2018.35386721     5.700     3.644
 2018.35660507     1.724     3.644
 2018.35934292     1.279     3.644
 2018.36208077     0.237     3.562
 2018.36481862    -0.330     3.644
 2018.36755647     5.160     3.562
 2018.37029432     1.244     3.644
 2018.37303217     2.957     3.644
 2018.37577002     0.974     3.562
 2018.37850787    -1.864     3.644
 2018.38124572    -0.076     3.644
 2018.38398357     2.366     3.562
 2018.38672142     1.568     3.644
 2018.38945927    -6.211     3.644
 2018.39219713    -0.745     3.644
 2018.39493498    -1.417     3.562
 2018.39767283    -0.478     3.644
 2018.40041068    -2.384     3.644
 2018.40314853    -1.087     3.644
 2018.40588638     2.717     3.644
 2018.40862423     1.221     3.562
 2018.41136208    -4.268     3.725
 2018.41409993     2.495     3.644
 2018.41683778     4.932     3.644
 2018.41957563    -0.724     3.644
 2018.42231348     3.668     3.644
 2018.42505133     3.601     3.644
 2018.42778919     2.961     3.644
 2018.43052704    -0.684     3.644
 2018.43326489     1.824     3.644
 2018.43600274     1.915     3.644
 2018.43874059     6.271     3.644
 2018.44147844     4.288     3.644
 2018.44421629     3.723     3.644
 2018.44695414     3.920     3.644
 2018.44969199     4.264     3.644
 2018.45242984     5.317     3.644
 2018.45516769    -0.168     3.644
 2018.45790554     1.881     3.644
 2018.46064339     5.198     3.644
 2018.46338125     3.248     3.644
 2018.46611910     3.887     3.644
 2018.46885695     7.524     3.644
 2018.47159480     5.746     3.700
 2018.47433265     3.238     3.644
 2018.47707050    -5.852     3.644
 2018.47980835    -5.256     3.644
 2018.48254620    -3.681     3.644
 2018.48528405    -0.846     3.644
 2018.48802190    -0.883     3.644
 2018.49075975     1.780     3.562
 2018.49349760     6.086     3.644
 2018.49623546    -3.100     3.644
 2018.49897331     1.377     3.644
 2018.50171116    -0.170     3.644
 2018.50444901     3.646     3.644
 2018.50718686     5.802     3.700
 2018.50992471     2.097     3.644
 2018.51266256     1.971     3.644
 2018.51540041     4.409     3.644
 2018.51813826     1.676     3.644
 2018.52087611     0.115     3.644
 2018.52361396     0.612     3.644
 2018.52635181    -0.150     3.644
 2018.52908966     4.351     3.644
 2018.53182752     0.091     3.644
 2018.53456537     0.696     3.644
 2018.53730322    -3.453     3.644
 2018.54004107     0.043     3.644
 2018.54277892     1.826     3.725
 2018.54551677    -0.282     3.644
 2018.54825462     3.707     3.644
 2018.55099247     1.512     3.644
 2018.55373032     1.632     3.644
 2018.55646817     2.099     3.644
 2018.55920602     2.749     3.644
 2018.56194387     4.195     3.644
 2018.56468172     1.429     3.644
 2018.56741958     1.965     3.644
 2018.57015743     0.632     3.644
 2018.57289528    -3.260     3.782
 2018.57563313     5.116     3.782
 2018.57837098     4.450     3.782
 2018.58110883     5.160     3.920
 2018.58384668     7.524     3.864
 2018.58658453     3.426     3.782
 2018.58932238    -5.770     3.644
 2018.59206023     2.282     3.644
 2018.59479808     2.486     3.644
 2018.59753593     5.198     3.644
 2018.60027379     3.754     3.644
 2018.60301164     6.801     3.782
 2018.60574949     0.166     3.782
 2018.60848734     4.151     3.782
 2018.61122519     2.636     3.782
 2018.61396304     4.272     3.644
 2018.61670089     8.232     3.644
 2018.61943874     4.240     3.644
 2018.62217659     6.861     3.782
 2018.62491444     0.822     3.725
 2018.62765229    -1.025     3.864
 2018.63039014     1.944     3.725
 2018.63312799     8.246     3.644
 2018.63586585     3.339     3.725
 2018.63860370    -2.158     3.644
 2018.64134155     2.990     3.864
 2018.64407940     1.148     3.864
 2018.64681725     8.557     3.782
 2018.64955510     6.623     3.644
 2018.65229295     4.650     3.644
 2018.65503080     5.068     3.782
 2018.65776865     1.422     3.644
 2018.66050650     2.922     3.644
 2018.66324435     6.214     3.644
 2018.66598220     4.678     3.644
 2018.66872005    -3.271     3.644
 2018.67145791     1.002     3.725
 2018.67419576    -0.483     3.644
 2018.67693361     3.807     3.644
 2018.67967146     1.224     3.644
 2018.68240931     9.306     3.700
 2018.68514716    12.123     3.782
 2018.68788501    10.376     3.644
 2018.69062286     4.852     3.644
 2018.69336071     6.330     3.782
 2018.69609856     8.281     3.782
 2018.69883641     3.913     3.782
 2018.70157426     1.669     3.644
 2018.70431211     5.145     3.782
 2018.70704997     0.068     3.644
 2018.70978782     5.445     3.725
 2018.71252567     5.432     3.644
 2018.71526352     3.694     3.644
 2018.71800137     1.372     3.644
 2018.72073922     1.946     3.644
 2018.72347707     4.835     3.782
 2018.72621492    11.321     3.782
 2018.72895277     7.853     3.644
 2018.73169062    -2.466     3.644
 2018.73442847    -7.553     3.644
 2018.73716632     9.825     3.782
 2018.73990418     1.595     3.644
 2018.74264203    -4.445     3.644
 2018.74537988    -0.630     3.644
 2018.74811773     3.367     3.725
 2018.75085558    -1.608     3.644
 2018.75359343     6.229     3.644
 2018.75633128    -3.925     3.644
 2018.75906913     0.254     3.725
 2018.76180698     1.198     3.644
 2018.76454483    -4.305     3.644
 2018.76728268    -0.768     3.725
 2018.77002053     6.682     3.644
 2018.77275838    -0.772     3.644
 2018.77549624    -1.555     3.644
 2018.77823409     0.890     3.644
 2018.78097194    -1.700     3.644
 2018.78644764     4.283     3.644
 2018.78918549     1.104     3.644
 2018.79192334     0.370     3.782
 2018.79466119     3.013     3.644
 2018.79739904     0.906     3.782
 2018.80013689    -1.828     3.644
 2018.80287474    -2.257     3.644
 2018.80561259     5.512     3.644
 2018.80835044     2.391     3.782
 2018.81108830     9.396     3.644
 2018.81382615    -2.084     3.782
 2018.81656400     6.551     3.644
 2018.81930185     4.174     3.644
 2018.82203970     2.362     3.644
 2018.82477755    -2.081     3.644
 2018.82751540     1.339     3.644
 2018.83025325     2.778     3.644
 2018.83299110     2.249     3.644
 2018.83572895    -2.554     3.644
 2018.83846680    -3.570     3.644
 2018.84120465    -3.795     3.644
 2018.84394251     1.296     3.644
 2018.84668036     1.562     3.644
 2018.84941821     4.263     3.644
 2018.85215606     1.862     3.644
 2018.85489391    -4.528     3.644
 2018.85763176     1.028     3.644
 2018.86036961     4.295     3.644
 2018.86310746     5.899     3.644
 2018.86584531     8.665     3.644
 2018.86858316     1.890     3.644
 2018.87132101     2.847     3.644
 2018.87405886    -2.483     3.644
 2018.87679671    -6.610     3.644
 2018.87953457    -5.157     3.644
 2018.88227242     4.819     3.644
 2018.88501027    -2.168     3.644
 2018.88774812     4.847     3.644
 2018.89048597    -2.570     3.644
 2018.89322382     1.521     3.644
 2018.89596167     6.648     3.725
 2018.89869952     6.383     3.725
 2018.90143737     4.972     3.644
 2018.90417522     7.158     3.644
 2018.90691307     3.683     3.644
 2018.90965092     4.910     3.644
 2018.91238877    12.374     3.725
 2018.91512663     8.642     3.782
 2018.91786448    11.104     3.725
 2018.92060233    10.662     3.644
 2018.92334018    12.006     3.725
 2018.92607803     5.448     3.725
 2018.92881588     3.621     3.644
 2018.93155373     8.514     3.644
 2018.93429158    11.605     3.864
 2018.93702943    12.652     3.725
 2018.93976728    11.388     3.725
 2018.94250513     8.530     3.725
 2018.94524298    -2.880     3.644
 2018.94798084     3.095     3.644
 2018.95071869     3.118     3.644
 2018.95345654    -2.575     3.725
 2018.95619439    -1.956     3.644
 2018.95893224    10.113     3.644
 2018.96167009     1.405     3.644
 2018.96440794     3.820     3.644
 2018.96714579     2.073     3.644
 2018.96988364     3.988     3.644
 2018.97262149     4.251     3.644
 2018.97535934     5.532     3.644
 2018.97809719     9.756     3.644
 2018.98083504     0.272     3.644
 2018.98357290     5.849     3.644
 2018.98631075     6.567     3.644
 2018.98904860     8.267     3.644
 2018.99178645     5.352     3.725
 2018.99452430     9.610     3.725
 2018.99726215    -2.653     3.725
 2019.00000000     3.068     3.725
 2019.00273785     4.280     3.725
 2019.00547570   -10.330     3.725
 2019.00821355    -7.736     3.644
 2019.01095140     2.065     3.644
 2019.01368925    -2.509     3.644
 2019.01642710    -1.997     3.644
 2019.01916496     1.288     3.644
 2019.02190281     1.229     3.644
 2019.02464066    -4.823     3.644
 2019.02737851     2.834     3.644
 2019.03011636     2.914     3.644
 2019.03285421     6.618     3.644
 2019.03559206    11.438     3.644
 2019.03832991     4.910     3.644
 2019.04106776     9.473     3.644
 2019.04380561    10.681     3.644
 2019.04654346     7.942     3.644
 2019.04928131    -1.580     3.644
 2019.05201916    -1.160     3.644
 2019.05475702    -0.927     3.725
 2019.05749487     0.772     3.644
 2019.06023272     5.833     3.725
 2019.06297057     9.094     3.644
 2019.06570842     5.391     3.644
 2019.06844627     4.804     3.725
 2019.07118412     4.943     3.644
 2019.07392197     9.698     3.644
 2019.07665982    11.792     3.644
 2019.07939767     8.385     3.644
 2019.08213552    10.678     3.644
 2019.08487337     9.270     3.725
 2019.08761123     7.037     3.644
 2019.09034908     6.261     3.644
 2019.09308693     2.699     3.644
 2019.09582478     2.788     3.644
 2019.09856263     3.652     3.644
 2019.10130048     4.001     3.644
 2019.10403833     5.925     3.644
 2019.10677618    11.876     3.644
 2019.10951403     8.832     3.644
 2019.11225188     8.434     3.644
 2019.11498973     2.378     3.725
 2019.11772758     1.392     3.782
 2019.12046543    -1.148     3.725
 2019.12320329    -3.091     3.644
 2019.12594114    -4.653     3.644
 2019.12867899    -3.030     3.644
 2019.13141684    -1.529     3.644
 2019.13415469     1.377     3.644
 2019.13689254     1.194     3.644
 2019.13963039     3.650     3.644
 2019.14236824    -3.184     3.644
 2019.14510609    -4.024     3.644
 2019.14784394    -0.745     3.644
 2019.15058179     0.036     3.644
 2019.15331964     0.407     3.644
 2019.15605749    -0.592     3.725
 2019.15879535     3.884     3.644
 2019.16153320     1.707     3.644
 2019.16427105     2.444     3.644
 2019.16700890    10.932     3.644
 2019.16974675     6.458     3.644
 2019.17248460    14.285     3.644
 2019.17522245    10.801     3.644
 2019.17796030     3.444     3.644
