 % site name FYHA    component: U    
 % Time [Year], Uplift [mm], error [mm]
 2011.96919918    -1.217     4.283
 2011.97193703    -5.056     3.555
 2011.97467488    -5.546     3.555
 2011.97741273    -2.385     3.637
 2011.98015058    -4.548     3.637
 2011.98288843     0.311     3.637
 2011.98562628    -4.592     3.555
 2011.98836413    -8.543     3.637
 2011.99110198    -8.197     3.637
 2011.99383984    -4.481     3.555
 2011.99657769    -8.618     3.555
 2011.99931554    -8.950     3.555
 2012.00205339    -6.435     3.555
 2012.00479124    -7.556     3.555
 2012.00752909    -0.355     3.637
 2012.01026694     1.815     3.637
 2012.01300479     0.656     3.637
 2012.01574264    -7.861     3.555
 2012.01848049    -1.179     3.555
 2012.02121834    -9.189     3.555
 2012.02395619    -8.828     3.555
 2012.02669405    -7.712     3.555
 2012.02943190    -7.565     3.555
 2012.03216975    -2.037     3.637
 2012.03490760    -4.978     3.555
 2012.03764545    -6.745     3.555
 2012.04038330    -6.292     3.555
 2012.04312115    -6.025     3.555
 2012.04585900   -10.425     3.555
 2012.04859685   -14.186     3.555
 2012.05133470   -14.761     3.555
 2012.05407255   -10.060     3.555
 2012.05681040    -6.487     3.637
 2012.05954825    -6.719     3.555
 2012.06228611    -5.367     3.637
 2012.06502396    -6.929     3.555
 2012.06776181    -2.444     3.555
 2012.07049966    -2.030     3.555
 2012.07323751    -6.370     3.555
 2012.07597536    -6.224     3.555
 2012.07871321   -10.048     3.555
 2012.08145106    -6.987     3.555
 2012.08418891    -7.128     3.555
 2012.08692676    -9.326     3.555
 2012.08966461    -7.167     3.555
 2012.09240246   -11.569     3.555
 2012.09514031   -10.175     3.637
 2012.09787817    -5.479     3.637
 2012.10061602    -5.617     3.637
 2012.10335387    -6.918     3.637
 2012.10609172    -7.226     3.555
 2012.10882957    -7.798     3.637
 2012.11156742    -3.591     3.637
 2012.11430527    -3.900     3.637
 2012.11704312    -4.686     3.637
 2012.11978097    -0.600     3.637
 2012.12251882     2.441     3.637
 2012.12525667     1.553     3.637
 2012.12799452     3.561     3.637
 2012.13073238    -1.472     3.637
 2012.13347023    -0.517     3.637
 2012.13620808    -4.549     3.637
 2012.13894593    -4.745     3.637
 2012.14168378    -1.699     3.637
 2012.14442163    -7.045     3.776
 2012.14715948     2.547     3.694
 2012.14989733    -2.394     3.637
 2012.15263518     1.673     7.002
 2012.15811088    -5.335     4.283
 2012.16084873    -0.491     3.637
 2012.16358658    -5.730     3.637
 2012.16632444    -5.671     3.637
 2012.16906229   -11.354     3.637
 2012.17180014    -1.846     3.637
 2012.17453799    -6.737     3.637
 2012.17727584    -4.706     3.637
 2012.18001369    -4.896     3.776
 2012.18275154    -1.101     3.637
 2012.18548939    -7.144     3.555
 2012.18822724    -9.789     3.637
 2012.19096509    -3.398     3.637
 2012.19370294    -5.085     3.637
 2012.19644079    -6.175     3.555
 2012.19917864    -3.477     3.555
 2012.20191650    -7.294     3.555
 2012.20465435    -4.618     3.555
 2012.20739220    -9.704     3.555
 2012.21013005    -4.623     3.555
 2012.21286790    -6.390     3.555
 2012.21560575    -7.285     3.555
 2012.21834360    -7.444     3.555
 2012.22108145   -11.442     3.637
 2012.22381930   -15.298     3.555
 2012.22655715    -9.167     3.555
 2012.22929500    -7.130     3.555
 2012.23203285   -13.816     3.555
 2012.23477070   -12.405     3.637
 2012.24024641    -4.315     3.555
 2012.24298426    -5.345     3.555
 2012.24572211    -7.761     3.555
 2012.24845996    -5.926     3.555
 2012.25119781    -2.826     3.555
 2012.25393566    -4.035     3.555
 2012.25667351    -4.636     3.555
 2012.25941136    -5.649     3.555
 2012.26214921    -5.578     3.555
 2012.26488706    -0.363     3.555
 2012.26762491    -3.147     3.555
 2012.27036277    -4.318     3.555
 2012.27310062    -1.550     3.555
 2012.27583847    -1.551     3.555
 2012.27857632    -4.615     3.555
 2012.28131417    -9.166     3.637
 2012.28405202    -3.368     3.555
 2012.28678987    -8.092     3.555
 2012.28952772    -7.377     3.555
 2012.29226557    -6.630     3.555
 2012.29500342    -1.093     3.555
 2012.29774127     1.617     3.555
 2012.30047912    -3.860     3.555
 2012.30321697     0.484     3.555
 2012.30595483    -0.904     3.555
 2012.30869268    -8.241     3.555
 2012.31143053    -8.201     3.555
 2012.31416838    -7.659     3.694
 2012.31690623    -3.077     3.637
 2012.31964408    -1.237     3.555
 2012.32238193    -6.167     3.637
 2012.32511978    -5.578     3.555
 2012.32785763    -4.193     3.555
 2012.33059548    -3.706     3.555
 2012.33333333    -7.787     3.637
 2012.33607118     2.731     3.637
 2012.33880903     0.069     3.555
 2012.34154689    -0.780     3.555
 2012.34428474    -1.923     3.555
 2012.34702259    -4.106     3.555
 2012.34976044    -4.831     3.637
 2012.35249829    -5.606     3.637
 2012.35523614    -1.625     3.555
 2012.35797399    -5.502     3.637
 2012.36071184    -3.611     3.637
 2012.36344969    -9.274     3.555
 2012.36618754    -6.224     3.555
 2012.36892539    -4.440     3.637
 2012.37166324    -4.181     3.555
 2012.37440110    -5.461     3.637
 2012.37713895    -4.582     3.555
 2012.37987680    -6.362     3.637
 2012.38261465    -4.381     3.637
 2012.38535250    -5.190     3.637
 2012.38809035    -2.331     3.694
 2012.39082820    -1.914     3.776
 2012.39356605    -5.963     3.776
 2012.39630390    -7.457     3.637
 2012.39904175    -4.058     3.555
 2012.40177960    -2.280     3.555
 2012.40451745    -2.664     3.555
 2012.40725530     4.185     3.637
 2012.40999316    -3.141     3.637
 2012.41273101    -1.922     3.555
 2012.41546886    -0.294     3.555
 2012.41820671    -1.347     3.555
 2012.42094456    -2.961     3.694
 2012.42368241    -0.233     3.555
 2012.42642026    -4.039     3.555
 2012.42915811    -4.633     3.555
 2012.43189596    -3.499     3.555
 2012.43463381     0.958     3.555
 2012.43737166     1.944     3.694
 2012.44010951    -2.475     3.555
 2012.44284736    -3.171     3.555
 2012.44558522    -3.345     3.555
 2012.44832307    -1.625     3.555
 2012.45106092    -8.430     3.555
 2012.45379877    -7.712     3.555
 2012.45653662    -6.342     3.555
 2012.45927447    -1.379     3.694
 2012.46201232    -7.357     3.555
 2012.46475017    -7.878     3.694
 2012.46748802    -4.604     3.637
 2012.47022587    -6.493     3.637
 2012.47296372    -1.710     3.555
 2012.47570157    -3.399     3.694
 2012.47843943    -1.938     3.637
 2012.48117728    -2.384     3.637
 2012.48391513    -4.098     3.555
 2012.48665298    -3.777     3.555
 2012.48939083    -4.808     3.555
 2012.49212868    -0.638     3.555
 2012.49486653     2.071     3.832
 2012.49760438    -4.573     3.637
 2012.50034223    -1.119     3.694
 2012.50308008    -7.393     3.555
 2012.50581793    -8.231     3.555
 2012.50855578    -5.038     3.555
 2012.51129363    -0.284     3.637
 2012.51403149     2.124     3.694
 2012.51676934     3.617     3.694
 2012.51950719    -4.509     3.694
 2012.52224504    -0.653     3.637
 2012.52498289    -0.852     3.555
 2012.52772074    -1.798     3.637
 2012.53045859    -2.452     3.694
 2012.53319644     5.899     3.637
 2012.53593429    -4.240     3.637
 2012.53867214    -0.345     3.555
 2012.54140999    -6.799     3.694
 2012.54414784    -0.420     3.694
 2012.54688569    -0.780     3.555
 2012.54962355    -1.174     3.637
 2012.55236140    -3.053     3.555
 2012.55509925    -4.405     3.555
 2012.55783710    -8.330     3.637
 2012.56057495    -1.668     3.555
 2012.56331280    -6.076     3.555
 2012.56605065    -3.240     3.637
 2012.56878850    -5.697     3.637
 2012.57152635    -4.513     3.694
 2012.57426420    -4.694     3.694
 2012.57700205     1.574     3.694
 2012.57973990    -1.170     3.637
 2012.58247775    -0.977     3.637
 2012.58521561    -2.077     3.555
 2012.58795346   -10.333     3.694
 2012.59069131    -8.950     3.637
 2012.59342916     0.163     3.637
 2012.59616701    -2.325     3.637
 2012.59890486    -1.639     3.555
 2012.60164271    -2.916     3.694
 2012.60438056    -7.836     3.694
 2012.60711841    -7.616     3.555
 2012.60985626    -5.722     3.555
 2012.61259411    -5.805     3.555
 2012.61533196    -7.372     3.637
 2012.61806982    -1.005     3.637
 2012.62080767    -2.870     3.555
 2012.62354552    -3.136     3.555
 2012.62628337     1.354     3.694
 2012.62902122    -4.503     3.637
 2012.63175907    -2.429     3.637
 2012.63449692    -3.246     3.637
 2012.63723477    -9.163     3.694
 2012.63997262    -5.417     3.555
 2012.64271047     3.391     3.776
 2012.64544832     2.236     3.694
 2012.64818617    -3.182     3.555
 2012.65092402    -8.332     3.637
 2012.65366188    -1.818     3.637
 2012.65639973     0.864     3.555
 2012.65913758    -3.463     3.694
 2012.66187543    -9.787     3.637
 2012.66461328    -7.292     3.776
 2012.66735113   -10.396     3.637
 2012.67008898    -5.013     3.637
 2012.67282683    -6.668     3.637
 2012.67556468    -4.154     3.637
 2012.67830253    -3.042     3.694
 2012.68104038    -5.395     3.637
 2012.68377823    -4.006     3.637
 2012.68651608    -7.480     3.637
 2012.68925394    -5.930     3.694
 2012.69199179    -3.962     3.637
 2012.69472964    -6.450     3.776
 2012.69746749    -5.299     3.832
 2012.70020534    -3.737     3.776
 2012.70294319    -2.901     3.694
 2012.70568104     1.534     3.776
 2012.70841889    -3.919     3.637
 2012.71115674    -0.171     3.694
 2012.71389459    -2.749     3.694
 2012.71663244    -7.682     3.694
 2012.71937029   -11.301     3.694
 2012.72210815   -10.139     3.637
 2012.72484600    -5.437     3.555
 2012.72758385    -5.919     3.637
 2012.73032170    -4.457     3.555
 2012.73305955    -3.242     3.637
 2012.73579740    -3.452     3.637
 2012.73853525    -4.497     3.637
 2012.74127310    -6.685     3.694
 2012.74401095    -4.053     3.637
 2012.74674880    -6.253     3.637
 2012.74948665    -5.632     3.555
 2012.75222450    -5.124     3.694
 2012.75496235    -5.822     3.694
 2012.75770021    -8.846     3.637
 2012.76043806    -8.562     3.555
 2012.76317591    -7.605     3.637
 2012.76591376    -5.225     3.555
 2012.76865161    -8.475     3.637
 2012.77138946    -5.548     3.694
 2012.77412731    -6.678     3.694
 2012.77686516    -8.126     3.637
 2012.77960301    -8.694     3.637
 2012.78234086    -2.609     3.637
 2012.78507871    -4.821     3.776
 2012.78781656    -7.205     3.637
 2012.79055441    -6.494     3.637
 2012.79329227    -1.459     3.694
 2012.79603012    -7.124     3.637
 2012.79876797    -7.234     3.637
 2012.80150582    -7.252     3.637
 2012.80424367    -2.803     3.637
 2012.80698152    -7.220     3.637
 2012.80971937   -11.273     3.637
 2012.81245722    -8.178     3.694
 2012.81519507    -6.984     3.637
 2012.81793292     0.310     3.637
 2012.82067077    -5.447     3.637
 2012.82340862    -1.280     3.637
 2012.82614648    -4.421     3.694
 2012.82888433     0.121     3.637
 2012.83162218    -5.230     3.637
 2012.83436003    -0.702     3.637
 2012.83709788     1.168     3.637
 2012.83983573    -0.295     3.694
 2012.84257358    -3.912     3.694
 2012.84531143    -3.446     3.637
 2012.84804928    -4.924     3.637
 2012.85078713    -6.152     3.637
 2012.85352498    -5.120     3.694
 2012.85626283    -2.411     3.637
 2012.85900068    -2.938     3.637
 2012.86173854    -3.501     3.694
 2012.86447639    -8.017     3.637
 2012.86721424    -9.943     3.694
 2012.86995209    -6.689     3.776
 2012.87268994    -1.222     3.637
 2012.87542779    -2.588     3.637
 2012.87816564    -3.586     3.637
 2012.88090349     0.008     3.637
 2012.88364134    -3.251     3.637
 2012.88637919    -6.801     3.637
 2012.88911704    -4.530     3.694
 2012.89185489    -5.594     3.637
 2012.89459274    -6.304     3.637
 2012.89733060    -8.168     3.637
 2012.90006845    -3.613     3.555
 2012.90280630    -3.254     3.637
 2012.90554415     3.488     3.694
 2012.90828200    -0.423     3.637
 2012.91101985     0.735     3.694
 2012.91375770    -0.274     3.555
 2012.91649555     1.604     3.555
 2012.91923340     0.859     3.555
 2012.92197125     2.211     3.555
 2012.92470910     2.586     3.637
 2012.92744695     8.528     3.555
 2012.93018480     5.230     3.555
 2012.93292266     1.412     3.694
 2012.93566051     1.167     3.694
 2012.93839836    -4.165     3.637
 2012.94113621    -2.496     3.637
 2012.94387406    -3.958     3.555
 2012.94661191    -4.784     3.555
 2012.94934976    -4.841     3.694
 2012.95208761    -3.752     3.637
 2012.95482546     1.767     3.637
 2012.95756331     3.727     3.555
 2012.96030116    -0.179     3.555
 2012.96303901    -1.198     3.694
 2012.96577687    -3.316     3.694
 2012.96851472    -4.791     3.555
 2012.97125257    -0.885     3.637
 2012.97399042     0.348     3.637
 2012.97672827    -0.965     3.555
 2012.98220397    -3.221     3.555
 2012.98494182     2.635     3.555
 2012.98767967     0.375     3.555
 2012.99041752    -2.665     3.555
 2012.99315537    -3.828     3.637
 2012.99589322     0.083     3.637
 2012.99863107    -7.958     3.637
 2013.00136893    -2.218     3.555
 2013.00410678    -5.862     3.555
 2013.00684463    -8.188     3.637
 2013.00958248    -6.860     3.637
 2013.01232033   -11.384     3.637
 2013.01505818   -10.239     3.555
 2013.01779603    -7.541     3.555
 2013.02053388   -10.653     3.637
 2013.02327173    -6.698     3.555
 2013.02600958   -10.666     3.637
 2013.02874743    -7.569     3.694
 2013.03148528    -6.041     3.555
 2013.03422313    -6.354     3.555
 2013.03696099    -6.985     3.555
 2013.03969884    -4.014     3.637
 2013.04243669    -0.674     3.637
 2013.04517454    -3.299     3.637
 2013.04791239    -4.348     3.637
 2013.05065024    -4.130     3.694
 2013.05338809    -1.623     3.637
 2013.05612594     1.971     3.555
 2013.05886379    -2.866     3.555
 2013.06160164     0.029     3.637
 2013.06433949    -1.167     3.694
 2013.06707734    -1.974     3.694
 2013.06981520     1.170     3.637
 2013.07255305     2.106     3.637
 2013.07529090     4.046     3.555
 2013.07802875    -8.764     3.555
 2013.08076660    -4.126     3.637
 2013.08350445    -4.060     3.637
 2013.08624230    -3.658     3.637
 2013.08898015    -5.509     3.555
 2013.09171800    -7.394     3.555
 2013.09445585    -2.645     3.555
 2013.09719370    -7.021     3.555
 2013.09993155    -5.065     3.694
 2013.10266940    -3.183     3.776
 2013.10540726    -5.851     3.637
 2013.10814511    -6.225     3.555
 2013.11088296    -8.494     3.555
 2013.11362081    -3.332     3.694
 2013.11635866    -2.153     3.555
 2013.11909651    -9.062     3.637
 2013.12183436    -7.322     3.719
 2013.12457221    -3.499     3.555
 2013.12731006    -5.314     3.637
 2013.13004791    -6.593     3.555
 2013.13278576    -7.161     3.637
 2013.13552361    -7.710     3.555
 2013.13826146   -12.604     3.555
 2013.14099932   -10.801     3.555
 2013.14373717   -10.352     3.694
 2013.14647502    -9.506     3.776
 2013.14921287   -10.304     3.776
 2013.15195072    -8.859     3.555
 2013.15468857    -6.860     3.637
 2013.15742642    -6.090     3.637
 2013.16016427    -6.706     3.637
 2013.16290212    -5.515     3.637
 2013.16563997    -7.110     3.637
 2013.16837782    -4.898     3.637
 2013.17111567    -2.522     3.637
 2013.17385352    -3.941     3.637
 2013.17659138    -7.969     3.637
 2013.17932923    -2.454     3.694
 2013.18206708    -4.333     3.637
 2013.18480493    -1.911     3.694
 2013.18754278    -0.657     3.637
 2013.19028063    -1.724     3.637
 2013.19301848    -1.780     3.637
 2013.19575633     1.385     3.637
 2013.19849418     0.829     3.637
 2013.20123203     1.482     3.637
 2013.20396988    -1.706     3.637
 2013.20670773    -4.443     3.637
 2013.20944559     0.397     3.694
 2013.21218344    -2.347     3.637
 2013.21492129    -2.354     3.555
 2013.21765914    -0.031     3.555
 2013.22039699    -7.748     3.555
 2013.22313484    -6.516     3.555
 2013.22587269    -4.894     3.555
 2013.22861054    -4.280     3.637
 2013.23134839    -5.018     3.637
 2013.23408624    -1.932     3.637
 2013.23682409     2.068     3.555
 2013.23956194    -3.051     3.637
 2013.24229979    -1.724     3.637
 2013.24503765    -2.007     3.694
 2013.24777550    -4.467     3.694
 2013.25051335    -0.233     3.694
 2013.25325120    -6.653     3.637
 2013.25598905    -7.454     3.637
 2013.25872690    -6.540     3.694
 2013.26146475    -3.063     3.694
 2013.26420260    -7.391     3.694
 2013.26694045    -6.834     3.637
 2013.26967830    -4.475     3.637
 2013.27241615    -4.664     3.637
 2013.27515400    -7.114     3.694
 2013.27789185    -5.592     3.694
 2013.28062971    -4.292     3.694
 2013.28336756    -7.122     3.637
 2013.28610541    -5.690     3.694
 2013.28884326    -6.508     3.776
 2013.29158111   -11.450     3.694
 2013.29431896    -6.283     3.694
 2013.29705681    -2.389     3.776
 2013.29979466    -5.453     3.694
 2013.30253251    -6.553     3.694
 2013.30527036    -6.008     3.694
 2013.30800821    -1.828     3.694
 2013.31074606    -9.068     3.694
 2013.31348392    -8.404     3.694
 2013.31622177    -7.113     3.694
 2013.31895962    -5.121     3.694
 2013.32169747    -3.264     3.694
 2013.32443532    -6.654     3.694
 2013.32717317    -5.033     3.694
 2013.32991102    -6.640     3.637
 2013.33264887    -6.286     3.694
 2013.33812457    -5.253     3.694
 2013.34086242    -1.565     3.694
 2013.34360027    -5.084     3.694
 2013.34633812    -5.746     3.637
 2013.34907598    -7.749     3.694
 2013.35181383    -4.760     3.776
 2013.35455168    -3.741     3.776
 2013.35728953    -2.139     3.776
 2013.36002738    -4.975     3.694
 2013.36276523    -2.830     3.694
 2013.36550308    -5.003     3.694
 2013.36824093    -3.032     3.694
 2013.37097878     6.489     3.694
 2013.37371663     2.218     3.694
 2013.37645448    -0.882     3.694
 2013.37919233    -0.390     3.776
 2013.38193018     0.361     3.694
 2013.38466804    -3.176     3.694
 2013.38740589    -0.239     3.637
 2013.39014374     2.272     3.694
 2013.39288159    -2.795     3.694
 2013.39561944    -4.849     3.694
 2013.39835729    -2.486     3.694
 2013.40109514    -5.542     3.776
 2013.40383299    -3.638     3.637
 2013.40657084    -3.463     3.694
 2013.40930869    -4.607     3.694
 2013.41204654    -2.657     3.694
 2013.41478439    -2.188     3.694
 2013.41752225    -6.226     3.694
 2013.42026010    -4.460     3.637
 2013.42299795    -6.508     3.637
 2013.42573580    -4.827     3.694
 2013.42847365    -6.566     3.637
 2013.43121150    -5.537     3.637
 2013.43394935    -6.128     3.694
 2013.43668720    -4.354     3.694
 2013.43942505    -1.852     3.637
 2013.44216290    -2.543     3.637
 2013.44490075    -3.684     3.637
 2013.44763860    -5.029     3.776
 2013.45037645    -1.210     3.694
 2013.45311431    -4.844     3.694
 2013.45585216    -9.060     3.694
 2013.45859001    -2.600     3.694
 2013.46132786    -4.113     3.637
 2013.46406571    -2.510     3.694
 2013.46680356    -2.409     3.776
 2013.46954141     2.118     3.694
 2013.47227926    -0.922     3.776
 2013.47501711     0.080     3.637
 2013.47775496    -3.897     3.694
 2013.48049281    -7.816     3.637
 2013.48323066    -7.792     3.637
 2013.48596851    -6.371     3.637
 2013.48870637    -7.074     3.555
 2013.49144422    -9.661     3.637
 2013.49418207    -5.917     3.694
 2013.49691992    -7.994     3.694
 2013.49965777    -5.019     3.694
 2013.50239562    -4.781     3.637
 2013.50513347    -8.136     3.637
 2013.50787132    -7.799     3.637
 2013.51060917   -10.458     3.637
 2013.51334702   -13.935     3.637
 2013.51608487   -10.770     3.637
 2013.51882272    -7.308     3.694
 2013.52156057    -1.749     3.637
 2013.52429843    -3.041     3.694
 2013.52703628    -5.666     3.694
 2013.52977413    -4.758     3.637
 2013.53251198    -6.328     3.694
 2013.53524983    -0.699     3.694
 2013.53798768    -5.383     3.776
 2013.54072553    -3.461     3.637
 2013.54346338    -8.420     3.637
 2013.54620123   -10.431     3.694
 2013.54893908    -5.808     3.694
 2013.55167693    -5.498     3.637
 2013.55441478    -5.312     3.637
 2013.55715264    -4.276     3.637
 2013.55989049    -4.428     3.637
 2013.56262834    -4.220     3.776
 2013.56536619    -3.541     3.776
 2013.56810404    -2.455     3.776
 2013.57084189    -0.583     3.776
 2013.57357974    -2.091     3.776
 2013.57631759    -3.666     3.694
 2013.57905544    -2.863     3.776
 2013.58179329    -2.812     3.694
 2013.58453114    -8.065     3.694
 2013.58726899    -5.642     3.694
 2013.59000684    -2.455     3.776
 2013.59274470    -6.618     3.694
 2013.59548255    -6.135     3.637
 2013.59822040     2.485     3.776
 2013.60095825    -6.769     3.637
 2013.60369610    -5.816     3.694
 2013.60643395    -0.817     3.694
 2013.60917180    -5.143     3.776
 2013.61190965    -4.004     3.776
 2013.61464750    -4.056     3.776
 2013.61738535   -12.590     3.776
 2013.62012320    -4.808     3.776
 2013.62286105    -6.166     3.694
 2013.62559890    -5.194     3.694
 2013.62833676    -2.079     3.776
 2013.63107461    -3.436     3.776
 2013.63381246   -10.119     3.637
 2013.63655031   -10.972     3.776
 2013.63928816   -10.778     3.637
 2013.64202601    -9.360     3.637
 2013.64476386    -3.159     3.637
 2013.64750171    -3.130     3.637
 2013.65023956    -1.152     3.637
 2014.00342231   -10.981     3.637
 2014.00616016    -3.516     3.637
 2014.00889802    -4.807     3.637
 2014.01163587    -2.650     3.637
 2014.01437372    -5.910     3.637
 2014.01711157    -1.041     3.694
 2014.01984942    -4.672     3.637
 2014.02258727    -8.185     3.637
 2014.02532512    -6.476     3.776
 2014.02806297    -5.599     3.694
 2014.03353867    -7.811     3.637
 2014.03627652    -6.862     3.637
 2014.03901437    -6.741     3.637
 2014.04175222    -3.058     3.637
 2014.04449008    -8.024     3.637
 2014.04722793    -2.890     3.694
 2014.04996578    -5.374     3.637
 2014.05270363    -0.799     3.637
 2014.05544148    -6.725     3.637
 2014.05817933    -3.761     3.555
 2014.06091718    -2.332     3.555
 2014.06365503     1.926     3.637
 2014.06639288    -1.803     3.637
 2014.06913073     1.409     3.776
 2014.07186858     0.329     3.637
 2014.07460643     4.921     3.637
 2014.07734428     3.582     3.637
 2014.08008214     3.366     3.637
 2014.08281999    -0.987     3.637
 2014.08555784     0.804     3.637
 2014.08829569     8.074     3.637
 2014.09103354    -3.298     3.694
 2014.09377139    -1.039     3.694
 2014.09650924     1.814     3.637
 2014.09924709     0.278     3.637
 2014.10198494     4.582     3.637
 2014.10472279     4.319     3.694
 2014.10746064     3.730     3.637
 2014.11019849     0.587     3.637
 2014.11293634     1.702     3.694
 2014.11567420     1.261     3.694
 2014.11841205     1.928     3.637
 2014.12114990     6.098     3.637
 2014.12388775    -5.194     3.694
 2014.12662560     1.482     3.637
 2014.12936345     2.780     3.637
 2014.13210130    -4.131     3.637
 2014.13483915    -3.658     3.776
 2014.13757700    -1.297     3.694
 2014.14031485     3.558     3.637
 2014.14305270    -2.692     3.637
 2014.14579055    -7.069     3.637
 2014.14852841    -4.686     3.637
 2014.15126626    -4.663     3.637
 2014.15400411    -1.917     3.637
 2014.15674196   -10.758     3.694
 2014.15947981   -11.489     3.776
 2014.16221766    -1.207     3.776
 2014.16495551    -2.613     3.694
 2014.16769336    -2.192     3.637
 2014.17043121    -0.095     3.776
 2014.17316906     1.672     3.694
 2014.17590691    -5.128     3.637
 2014.17864476    -4.585     3.637
 2014.18138261    -1.531     3.832
 2014.18412047    -6.590     3.776
 2014.18685832   -11.316     3.637
 2014.18959617   -13.035     3.637
 2014.19233402    -4.108     3.637
 2014.19507187    -7.044     3.637
 2014.19780972   -11.157     3.694
 2014.20054757    -5.451     3.719
 2014.20328542    -2.233     3.637
 2014.20602327    -1.942     3.637
 2014.20876112    -7.881     3.694
 2014.21149897    -5.948     3.637
 2014.21423682    -9.307     3.637
 2014.21697467    -8.350     3.776
 2014.21971253    -6.582     3.776
 2014.22245038    -6.977     3.637
 2014.22518823    -5.631     3.637
 2014.22792608    -7.878     3.637
 2014.23066393    -7.080     3.637
 2014.23340178   -10.963     3.637
 2014.23613963    -5.429     3.637
 2014.23887748    -8.490     3.637
 2014.24161533    -5.230     3.694
 2014.24435318    -7.626     3.637
 2014.24709103    -7.505     3.637
 2014.24982888    -9.316     3.776
 2014.25256674    -8.433     3.924
 2014.25530459    -4.387     4.226
 2014.25804244    -4.115     3.694
 2014.26078029    -2.777     3.637
 2014.26351814    -9.171     3.694
 2014.26625599    -5.595     3.637
 2014.26899384    -4.224     3.694
 2014.27173169   -10.309     3.637
 2014.27446954    -7.410     3.776
 2014.27720739    -3.678     3.719
 2014.27994524    -4.183     3.637
 2014.28268309    -8.067     3.637
 2014.28542094    -4.574     3.637
 2014.28815880    -9.999     3.694
 2014.29089665    -7.869     3.776
 2014.29363450    -4.091     3.637
 2014.29637235    -7.155     3.637
 2014.29911020    -8.075     3.637
 2014.30184805    -4.006     3.637
 2014.30458590    -5.993     3.637
 2014.30732375    -7.503     3.637
 2014.31006160    -8.265     3.637
 2014.31279945    -5.730     3.637
 2014.31553730    -4.146     3.637
 2014.31827515    -1.373     3.637
 2014.32101300    -1.272     3.637
 2014.32375086    -3.754     3.719
 2014.32648871    -0.538     3.719
 2014.32922656    -0.438     3.776
 2014.33196441    -1.052     3.637
 2014.33744011    -5.904     3.637
 2014.34017796    -5.256     3.694
 2014.34291581    -4.353     3.637
 2014.34565366    -3.575     3.637
 2014.34839151    -7.647     3.637
 2014.35112936    -2.708     3.776
 2014.35386721    -2.389     3.776
 2014.35660507    -2.259     3.776
 2014.35934292    -1.732     3.637
 2014.36208077    -1.121     3.637
 2014.36481862    -5.648     3.637
 2014.36755647   -10.017     3.637
 2014.37029432    -9.431     3.637
 2014.37303217    -6.045     3.637
 2014.37577002    -2.225     3.637
 2014.37850787    -4.740     3.637
 2014.38124572    -4.965     3.637
 2014.38398357    -2.421     3.637
 2014.38672142    -4.457     3.719
 2014.38945927     0.955     3.776
 2014.39219713    -2.711     3.858
 2014.39493498    -2.248     3.637
 2014.39767283     0.264     3.694
 2014.40041068    -5.847     3.694
 2014.40314853    -0.043     3.776
 2014.40588638    -5.799     3.776
 2014.40862423    -5.339     3.637
 2014.41136208    -5.256     3.776
 2014.41409993    -3.242     3.637
 2014.41683778    -5.276     3.637
 2014.41957563    -5.990     3.637
 2014.42231348    -0.194     3.694
 2014.42505133    -1.979     3.637
 2014.42778919     1.788     3.776
 2014.43052704    -0.904     3.637
 2014.43326489    -0.986     3.637
 2014.43600274    -0.335     3.776
 2014.43874059    -4.252     3.637
 2014.44147844    -0.786     3.776
 2014.44421629    -0.330     3.776
 2014.44695414    -5.581     3.637
 2014.44969199     1.748     3.776
 2014.45242984    -3.301     3.637
 2014.45516769    -3.123     3.637
 2014.45790554    -3.821     3.719
 2014.46064339    -3.093     3.637
 2014.46338125    -4.015     3.637
 2014.46611910    -2.927     3.694
 2014.46885695    -4.180     3.637
 2014.47159480    -2.541     3.637
 2014.47433265    -4.663     3.637
 2014.47980835    -5.371     3.694
 2014.48254620    -3.660     3.694
 2014.48528405    -0.627     3.776
 2014.49075975    -4.056     3.637
 2014.49349760    -5.582     3.637
 2014.49623546    -2.477     3.637
 2014.49897331    -0.874     3.637
 2014.50171116    -3.297     3.637
 2014.50444901    -5.447     3.776
 2014.50718686    -6.873     3.776
 2014.50992471    -3.535     3.637
 2014.51266256    -7.005     3.637
 2014.51540041   -11.311     3.776
 2014.51813826    -7.165     3.719
 2014.52087611    -5.847     3.637
 2014.52361396    -5.927     3.776
 2014.52635181    -3.983     3.637
 2014.52908966    -0.999     3.776
 2014.53182752    -1.329     3.694
 2014.53456537    -5.384     3.637
 2014.53730322    -6.273     3.637
 2014.54004107    -6.814     3.637
 2014.54277892   -10.242     3.776
 2014.54551677    -7.565     3.637
 2014.54825462    -3.896     3.637
 2014.55099247    -3.083     3.776
 2014.55373032    -7.714     3.694
 2014.55646817    -5.400     3.637
 2014.55920602    -5.994     3.637
 2014.56194387    -6.684     3.637
 2014.56468172    -6.128     3.776
 2014.56741958    -2.951     3.776
 2014.57015743     1.785     3.776
 2014.57289528    -6.062     3.637
 2014.57563313    -8.460     3.694
 2014.57837098     0.787     3.637
 2014.58110883    -8.722     3.776
 2014.58384668    -2.837     3.776
 2014.58658453    -3.160     3.719
 2014.58932238    -1.444     3.914
 2014.59206023    -4.922     3.776
 2014.59479808    -0.974     3.776
 2014.59753593    -3.925     3.719
 2014.60027379    -0.843     3.776
 2014.60301164     1.628     3.776
 2014.60574949     0.554     3.776
 2014.60848734    -5.137     3.719
 2014.61122519     2.345     3.776
 2014.61396304    -2.410     3.858
 2014.61670089     1.844     3.776
 2014.61943874    -5.206     3.776
 2014.62217659     3.181     3.776
 2014.62491444    -0.107     3.776
 2014.62765229     2.756     3.776
 2014.63039014     2.023     3.776
 2014.63312799    -1.560     3.776
 2014.63586585    -2.228     3.914
 2014.63860370    -1.605     3.776
 2014.64134155    -2.919     3.776
 2014.64407940    -9.190     3.776
 2014.64681725    -3.570     3.776
 2014.64955510    -4.601     3.776
 2014.65229295    -6.200     3.637
 2014.65503080    -5.717     3.776
 2014.65776865    -5.963     3.719
 2014.66050650    -7.743     3.776
 2014.66324435   -12.365     3.776
 2014.66598220    -7.014     3.776
 2014.66872005    -4.592     3.637
 2014.67145791   -10.993     3.637
 2014.67419576   -15.356     3.637
 2014.67967146    -8.639     3.637
 2014.68240931    -4.521     3.776
 2014.68514716    -9.227     3.776
 2014.68788501    -5.475     3.776
 2014.69062286    -5.533     3.637
 2014.69336071    -7.020     3.637
 2014.69609856    -9.562     3.637
 2014.69883641    -7.554     3.637
 2014.70157426    -9.832     3.719
 2014.70431211    -5.353     3.858
 2014.70704997    -7.106     3.776
 2014.70978782    -5.250     3.637
 2014.71252567    -4.295     3.637
 2014.71526352    -7.994     3.637
 2014.71800137    -5.882     3.637
 2014.72073922    -5.578     3.637
 2014.72347707    -2.842     3.637
 2014.72621492    -2.069     3.637
 2014.72895277    -4.079     3.637
 2014.73169062    -5.891     3.637
 2014.73442847    -5.705     3.637
 2014.73716632    -8.824     3.637
 2014.73990418    -7.371     3.637
 2014.74264203    -4.504     3.637
 2014.74537988    -6.160     3.637
 2014.74811773    -9.282     3.637
 2014.75085558    -9.429     3.637
 2014.75359343    -8.627     3.719
 2014.75633128    -6.611     3.637
 2014.75906913    -4.687     3.637
 2014.76180698    -5.537     3.637
 2014.76454483    -0.531     3.637
 2014.76728268    -2.070     3.776
 2014.77002053     0.852     3.694
 2014.77275838     0.458     3.637
 2014.77549624    -2.662     3.637
 2014.77823409    -3.233     3.637
 2014.78097194    -4.620     3.637
 2014.78370979     1.998     3.776
 2014.78644764     1.378     3.637
 2014.78918549    -2.057     3.637
 2014.79192334    -0.183     3.637
 2014.79466119    -1.827     3.637
 2014.79739904    -1.309     3.776
 2014.80013689    -0.541     3.776
 2014.80287474    -0.101     3.776
 2014.80561259    -5.161     3.776
 2014.80835044    -9.115     3.776
 2014.81108830    -9.191     3.637
 2014.81382615    -4.241     3.637
 2014.81656400    -6.960     3.637
 2014.81930185    -8.964     3.637
 2014.82203970    -2.971     3.637
 2014.82477755    -4.840     3.776
 2014.82751540    -5.071     3.637
 2014.83025325    -6.403     3.637
 2014.83299110    -3.094     3.694
 2014.83572895    -7.915     3.637
 2014.83846680    -2.890     3.776
 2014.84120465     2.065     3.694
 2014.84394251     1.014     3.694
 2014.84668036     0.342     3.694
 2014.84941821    -4.404     3.694
 2014.85215606    -2.636     3.694
 2014.85489391    -7.782     3.694
 2014.85763176    -4.948     3.694
 2014.86036961    -4.550     3.694
 2014.86310746    -4.059     3.694
 2014.86584531    -3.174     3.694
 2014.86858316    -4.002     3.694
 2014.87132101     0.176     3.694
 2014.87405886     1.459     3.694
 2014.87679671    -1.041     3.694
 2014.87953457    -1.905     3.694
 2014.88227242    -2.241     3.694
 2014.88501027    -4.574     3.694
 2014.89048597    -5.914     3.776
 2014.89322382    -6.620     3.776
 2014.89596167    -5.715     3.776
 2014.89869952    -4.677     3.832
 2014.90143737    -9.577     3.776
 2014.90417522    -5.791     3.776
 2014.90691307     2.539     3.637
 2014.90965092     0.048     3.637
 2014.91238877    -2.448     3.637
 2014.91512663     1.847     3.694
 2014.91786448     3.877     3.694
 2014.92060233     2.972     3.637
 2014.92334018     0.683     3.637
 2014.92607803     1.771     3.694
 2014.92881588    -1.200     3.637
 2014.93155373    -1.465     3.694
 2014.93429158     0.219     3.694
 2014.93702943    -5.475     3.637
 2014.93976728    -3.099     3.637
 2014.94250513     3.683     3.694
 2014.94524298    -4.219     3.776
 2014.94798084    -0.451     3.637
 2014.95071869    -3.549     3.637
 2014.95345654    -3.674     3.555
 2014.95619439     0.184     3.637
 2014.95893224    -5.231     3.694
 2014.96167009     0.271     3.637
 2014.96440794    -1.307     3.637
 2014.96714579    -6.305     3.694
 2014.96988364    -9.222     3.637
 2014.97262149    -7.675     3.637
 2014.97535934    -2.951     3.612
 2014.97809719    -5.878     3.694
 2014.98083504    -4.584     3.694
 2014.98357290    -9.982     3.694
 2014.98631075    -6.842     3.694
 2014.98904860    -2.072     3.555
 2014.99178645    -7.828     3.637
 2014.99452430   -11.218     3.637
 2014.99726215    -8.376     3.637
 2015.00000000    -9.595     3.637
 2015.00273785    -6.930     3.637
 2015.00547570    -3.446     3.694
 2015.00821355   -11.004     3.694
 2015.01095140   -10.241     3.694
 2015.01368925    -6.585     3.694
 2015.01642710    -8.343     3.694
 2015.01916496    -5.747     3.637
 2015.02190281    -4.226     3.637
 2015.02464066    -4.416     3.776
 2015.02737851    -5.358     3.694
 2015.03011636    -5.103     3.694
 2015.03285421    -7.093     3.637
 2015.03559206    -9.346     3.694
 2015.03832991   -10.802     3.637
 2015.04106776    -6.427     3.694
 2015.04380561    -3.307     3.694
 2015.04654346    -8.130     3.694
 2015.04928131    -6.582     3.637
 2015.05201916    -8.424     3.637
 2015.05475702    -9.137     3.637
 2015.05749487    -6.164     3.637
 2015.06023272    -5.406     3.694
 2015.06297057    -5.759     3.637
 2015.06570842    -8.939     3.776
 2015.06844627    -9.173     3.694
 2015.07118412    -9.256     3.694
 2015.07392197    -7.246     3.694
 2015.07665982    -2.121     3.637
 2015.07939767    -0.855     3.776
 2015.08213552     5.317     3.637
 2015.08487337     5.902     3.637
 2015.08761123     5.064     3.694
 2015.09034908    -1.077     3.694
 2015.09308693    -0.999     3.637
 2015.09582478    -3.841     3.694
 2015.09856263    -6.787     3.637
 2015.10130048    -6.994     3.776
 2015.10403833    -2.539     3.694
 2015.10677618    -5.693     3.637
 2015.10951403    -4.721     3.776
 2015.11225188    -6.526     3.776
 2015.11498973    -7.319     3.776
 2015.11772758    -5.356     3.832
 2015.12046543    -4.095     3.776
 2015.12320329    -3.020     3.776
 2015.12594114    -7.099     3.776
 2015.12867899    -5.683     3.637
 2015.13141684    -8.732     3.694
 2015.13415469    -8.912     3.637
 2015.13689254    -5.799     3.776
 2015.13963039    -3.587     3.776
 2015.14236824    -3.075     3.637
 2015.14510609    -1.438     3.637
 2015.14784394     1.667     3.694
 2015.15058179    -9.955     3.637
 2015.15331964   -11.950     3.776
 2015.15605749    -6.808     3.637
 2015.15879535    -7.252     3.637
 2015.16153320    -7.698     3.637
 2015.16427105    -0.168     3.637
 2015.16700890    -5.459     3.694
 2015.16974675    -6.157     3.637
 2015.17248460    -8.639     3.694
 2015.17522245   -13.283     3.776
 2015.17796030    -7.805     3.776
 2015.18069815   -11.608     3.776
 2015.18343600    -8.061     3.637
 2015.18617385    -7.779     3.637
 2015.18891170   -12.444     3.637
 2015.19164956   -14.652     3.637
 2015.19438741   -15.320     3.776
 2015.19712526   -11.140     3.637
 2015.19986311   -10.270     3.637
 2015.20260096   -12.546     3.637
 2015.20533881   -13.400     3.694
 2015.20807666   -13.928     3.914
 2015.21081451    -9.543     3.694
 2015.21355236   -10.396     3.637
 2015.21629021    -3.558     3.694
 2015.21902806    -9.153     3.694
 2015.22176591    -6.401     3.694
 2015.22450376    -0.782     3.694
 2015.22724162    -1.593     3.637
 2015.22997947    -4.852     3.637
 2015.23271732    -5.726     3.694
 2015.23545517    -7.630     3.776
 2015.23819302    -5.080     3.776
 2015.24093087    -1.693     3.776
 2015.24366872    -1.387     3.776
 2015.24640657    -1.258     3.858
 2015.24914442   -11.183     3.776
 2015.25188227    -7.987     3.637
 2015.25462012   -11.241     3.637
 2015.25735797    -7.151     3.637
 2015.26009582    -7.058     3.637
 2015.26283368    -9.359     3.776
 2015.26557153    -9.435     3.637
 2015.26830938   -12.425     3.637
 2015.27104723    -7.809     3.637
 2015.27378508    -8.133     3.776
 2015.27652293    -5.555     3.776
 2015.27926078    -4.667     3.719
 2015.28199863   -11.306     3.719
 2015.28473648    -8.753     3.637
 2015.28747433    -2.892     3.776
 2015.29021218    -4.609     3.776
 2015.29295003    -7.494     3.719
 2015.29568789   -10.726     3.637
 2015.29842574    -7.027     3.637
 2015.30116359    -7.684     3.637
 2015.30390144    -8.207     3.637
 2015.30663929    -8.184     3.719
 2015.30937714    -3.908     3.637
 2015.31211499    -6.721     3.637
 2015.31485284    -5.772     3.637
 2015.31759069    -7.441     3.637
 2015.32032854    -3.567     3.637
 2015.32306639    -6.721     3.637
 2015.32580424    -5.761     3.637
 2015.32854209   -11.519     3.694
 2015.33127995    -8.169     3.637
 2015.33401780    -8.585     3.637
 2015.33675565    -8.180     3.637
 2015.33949350    -3.053     3.637
 2015.34223135   -10.579     3.776
 2015.34496920    -9.761     3.776
 2015.34770705    -4.978     3.637
 2015.35044490    -5.954     3.637
 2015.35592060   -11.534     3.637
 2015.35865845    -8.155     3.637
 2015.36139630   -10.727     3.776
 2015.36413415    -8.150     3.694
 2015.36687201    -6.267     3.637
 2015.36960986    -4.899     3.637
 2015.37234771   -11.320     3.637
 2015.37508556   -12.786     3.694
 2015.37782341    -3.655     3.637
 2015.38056126    -4.674     3.776
 2015.38329911   -10.522     3.637
 2015.38603696   -10.470     3.637
 2015.38877481   -12.039     3.637
 2015.39151266    -3.432     3.637
 2015.39425051    -6.241     3.637
 2015.39698836    -3.369     3.637
 2015.39972621    -4.378     3.637
 2015.40246407    -6.644     3.637
 2015.40520192    -2.943     3.776
 2015.40793977    -7.780     3.637
 2015.41067762    -8.061     3.637
 2015.41341547    -0.636     3.637
 2015.41615332   -10.968     3.637
 2015.41889117    -0.467     3.637
 2015.42162902    -5.048     3.637
 2015.42436687    -9.089     3.637
 2015.42710472    -7.651     3.637
 2015.42984257   -11.087     3.776
 2015.43258042   -10.989     3.637
 2015.43531828    -9.863     3.637
 2015.43805613    -9.716     3.637
 2015.44079398    -5.846     3.637
 2015.44353183    -9.849     3.776
 2015.44626968    -7.040     3.637
 2015.44900753    -5.077     3.637
 2015.45174538     1.355     3.637
 2015.45448323    -2.779     3.637
 2015.45722108    -5.518     3.637
 2015.45995893    -7.426     3.776
 2015.46269678    -4.952     3.776
 2015.46543463    -6.638     3.637
 2015.46817248    -7.626     3.637
 2015.47091034    -4.781     3.637
 2015.47364819    -9.088     3.637
 2015.47638604    -8.816     3.776
 2015.47912389    -8.623     3.637
 2015.48186174    -7.295     3.637
 2015.48459959    -7.732     3.637
 2015.48733744    -8.560     3.637
 2015.49007529   -10.585     3.637
 2015.49281314    -8.566     3.637
 2015.49555099    -9.394     3.719
 2015.49828884    -9.358     3.637
 2015.50102669    -9.580     3.637
 2015.50376454   -11.687     3.776
 2015.50650240    -7.924     3.637
 2015.50924025    -5.883     3.776
 2015.51197810    -3.241     3.637
 2015.51471595    -4.754     3.637
 2015.51745380    -3.498     3.637
 2015.52019165    -7.641     3.637
 2015.52292950    -6.270     3.637
 2015.52566735    -7.471     3.719
 2015.52840520    -7.112     3.637
 2015.53114305    -5.323     3.637
 2015.53388090    -8.402     3.637
 2015.53661875    -7.284     3.637
 2015.53935661    -5.392     3.637
 2015.54209446    -1.591     3.776
 2015.54483231    -2.137     3.637
 2015.54757016    -4.578     3.694
 2015.55030801    -4.214     3.637
 2015.55304586    -3.505     3.776
 2015.55578371    -6.368     3.637
 2015.55852156    -8.980     3.637
 2015.56125941    -2.841     3.637
 2015.56399726    -1.992     3.776
 2015.56673511    -0.357     3.694
 2015.56947296    -3.661     3.637
 2015.57221081    -7.326     3.776
 2015.57494867    -6.338     3.776
 2015.57768652    -5.758     3.776
 2015.58042437    -7.168     3.637
 2015.58316222   -10.897     3.637
 2015.58590007    -8.471     3.694
 2015.58863792    -8.178     3.637
 2015.59137577    -5.345     3.776
 2015.59411362    -7.207     3.776
 2015.59685147    -7.481     3.694
 2015.59958932    -9.033     3.776
 2015.60232717    -5.463     3.858
 2015.60506502    -8.926     3.776
 2015.60780287   -12.680     3.776
 2015.61054073    -3.590     3.776
 2015.61327858    -6.591     3.719
 2015.61601643    -4.806     3.719
 2015.61875428    -5.233     3.776
 2015.62149213    -2.730     3.637
 2015.62422998    -5.727     3.719
 2015.62696783     2.925     3.776
 2015.62970568    -7.024     3.637
 2015.63244353    -4.751     3.637
 2015.63518138    -6.685     3.637
 2015.63791923    -8.919     3.637
 2015.64065708    -6.827     3.637
 2015.64339493    -2.012     3.637
 2015.64613279    -1.000     3.694
 2015.64887064    -2.204     3.776
 2015.65160849     1.489     3.637
 2015.65434634    -3.323     3.694
 2015.65708419    -4.582     3.776
 2015.65982204    -4.741     3.694
 2015.66255989    -4.676     3.694
 2015.66529774    -7.589     3.776
 2015.66803559    -3.208     3.776
 2015.67077344    -1.021     3.694
 2015.67351129    -1.435     3.637
 2015.67624914    -9.487     3.637
 2015.67898700    -2.274     3.694
 2015.68172485    -4.632     3.637
 2015.68446270    -4.862     3.637
 2015.68720055    -5.526     3.637
 2015.68993840    -5.868     3.637
 2015.69267625    -8.220     3.637
 2015.69541410    -8.935     3.637
 2015.69815195    -1.344     3.637
 2015.70088980    -0.394     3.637
 2015.70362765    -4.970     3.637
 2015.70636550     2.784     3.637
 2015.70910335     0.446     3.637
 2015.71184120     0.327     3.694
 2015.71457906    -0.278     3.637
 2015.71731691    -6.771     3.637
 2015.72005476    -3.143     3.637
 2015.72279261    -1.045     3.637
 2015.72553046    -3.707     3.637
 2015.72826831    -6.333     3.637
 2015.73100616    -0.068     3.637
 2015.73374401    -5.716     3.637
 2015.73648186    -6.557     3.637
 2015.73921971    -9.579     3.637
 2015.74195756   -14.275     3.719
 2015.74469541   -11.797     3.637
 2015.74743326    -9.720     3.776
 2015.75017112   -10.194     3.776
 2015.75290897    -3.125     3.637
 2015.75564682    -6.460     3.637
 2015.75838467    -5.719     3.637
 2015.76112252    -4.802     3.637
 2015.76386037    -3.564     3.637
 2015.76659822    -6.463     3.637
 2015.76933607    -5.356     3.637
 2015.77207392    -5.322     3.637
 2015.77481177    -4.514     3.637
 2015.77754962    -4.073     3.637
 2015.78028747    -5.646     3.637
 2015.78302533    -4.094     3.637
 2015.78576318    -9.479     3.637
 2015.78850103    -4.839     3.637
 2015.79123888    -4.510     3.637
 2015.79397673    -2.288     3.637
 2015.79671458    -0.834     3.637
 2015.79945243    -3.959     3.637
 2015.80219028    -2.371     3.637
 2015.80492813    -1.287     3.637
 2015.80766598    -0.796     3.637
 2015.81040383    -2.039     3.637
 2015.81314168    -5.980     3.637
 2015.81587953    -6.970     3.637
 2015.81861739    -3.706     3.637
 2015.82135524    -4.819     3.637
 2015.82409309    -6.611     3.637
 2015.82683094    -6.522     3.637
 2015.82956879    -6.758     3.637
 2015.83230664    -8.617     3.637
 2015.83504449    -6.131     3.637
 2015.83778234    -1.615     3.637
 2015.84325804    -4.423     3.637
 2015.84599589    -5.567     3.637
 2015.84873374    -5.862     3.719
 2015.85420945    -2.506     3.776
 2015.85694730     0.094     3.719
 2015.85968515    -0.934     3.719
 2015.86242300    -9.465     3.719
 2015.86516085    -5.322     3.719
 2015.86789870    -8.252     3.776
 2015.87063655   -11.345     3.776
 2015.87337440    -5.175     3.719
 2015.87611225    -2.636     3.719
 2015.87885010    -8.413     3.719
 2015.88158795   -12.363     3.719
 2015.88432580    -9.533     3.719
 2015.88706366    -3.686     3.719
 2015.88980151    -3.705     3.637
 2015.89253936    -4.605     3.637
 2015.89527721    -8.103     3.637
 2015.89801506    -3.928     3.637
 2015.90075291    -6.607     3.637
 2015.90349076    -5.058     3.637
 2015.90622861     0.998     3.719
 2015.90896646    -1.952     3.719
 2015.91170431    -3.618     3.719
 2015.91444216    -7.692     3.719
 2015.91718001    -4.345     3.719
 2015.91991786    -6.756     3.719
 2015.92265572    -9.038     3.637
 2015.92539357    -6.161     3.719
 2015.92813142    -1.011     3.719
 2015.93086927    -1.128     3.719
 2015.93360712   -13.716     3.719
 2015.93634497   -15.072     3.719
 2015.93908282   -18.110     3.719
 2015.94182067   -16.494     3.719
 2015.94455852   -20.128     3.719
 2015.94729637   -12.885     3.719
 2015.95003422   -16.672     3.719
 2015.95277207   -12.877     3.637
 2015.95550992   -12.137     3.637
 2015.95824778    -8.558     3.719
 2015.96098563   -13.259     3.858
 2015.96372348    -7.874     3.719
 2015.96646133   -13.005     3.719
 2015.96919918    -8.806     3.719
 2015.97193703    -7.751     3.719
 2015.97467488    -8.750     3.719
 2015.97741273   -18.489     3.719
 2015.98015058   -11.629     3.719
 2015.98288843   -10.367     3.637
 2015.98562628   -13.296     3.637
 2015.98836413    -8.501     3.637
 2015.99110198   -12.876     3.637
 2015.99383984    -9.963     3.637
 2015.99657769   -11.433     3.637
 2015.99931554   -10.167     3.637
 2016.00205339   -16.057     3.637
 2016.00479124    -9.662     3.637
 2016.00752909    -1.382     3.637
 2016.01026694     0.205     3.637
 2016.01300479     2.348     3.627
 2016.01574264     0.449     3.637
 2016.01848049     4.726     3.719
 2016.02121834     4.757     3.719
 2016.02395619    -3.981     3.719
 2016.02669405     0.337     3.637
 2016.02943190    -5.966     3.627
 2016.03216975    -1.154     3.637
 2016.03490760    -4.325     3.637
 2016.03764545    -5.674     3.637
 2016.04038330    -0.307     3.637
 2016.04312115    -5.620     3.637
 2016.04585900    -5.263     3.637
 2016.04859685    -5.764     3.637
 2016.05133470    -5.214     3.637
 2016.05407255    -5.977     3.637
 2016.05681040    -6.986     3.627
 2016.05954825    -3.962     3.637
 2016.06228611   -11.003     3.627
 2016.06502396    -8.893     3.637
 2016.06776181    -9.031     3.719
 2016.07049966    -6.942     3.637
 2016.07323751    -4.259     3.637
 2016.07597536    -7.698     3.637
 2016.07871321    -6.285     3.719
 2016.08145106    -9.362     3.637
 2016.08418891    -6.554     3.719
 2016.08692676   -10.083     3.637
 2016.08966461   -11.050     3.637
 2016.09240246   -11.980     3.637
 2016.09514031   -12.211     3.637
 2016.09787817   -13.241     3.637
 2016.10061602    -7.016     3.637
 2016.10335387    -8.930     3.637
 2016.10609172    -5.825     3.637
 2016.10882957    -4.417     3.637
 2016.11156742    -8.784     3.637
 2016.11430527    -7.320     3.637
 2016.11704312    -3.521     3.637
 2016.11978097    -4.041     3.581
 2016.12251882    -3.988     3.637
 2016.12525667   -10.136     3.637
 2016.12799452   -10.843     3.637
 2016.13073238    -6.569     3.637
 2016.13347023    -9.136     3.581
 2016.13620808    -9.647     3.637
 2016.13894593   -10.612     3.637
 2016.14168378    -8.830     3.637
 2016.14442163   -10.780     3.637
 2016.14715948   -13.421     3.637
 2016.14989733    -9.398     3.637
 2016.15263518   -12.781     3.637
 2016.15537303   -11.991     3.637
 2016.15811088   -12.915     3.637
 2016.16084873   -11.360     3.637
 2016.16358658   -14.447     3.637
 2016.16632444    -5.264     3.637
 2016.16906229    -9.915     3.637
 2016.17180014    -8.719     3.637
 2016.17453799    -5.062     3.719
 2016.17727584    -6.815     3.637
 2016.18001369    -5.052     3.637
 2016.18275154    -9.239     3.637
 2016.18548939   -12.494     3.776
 2016.18822724   -11.239     3.637
 2016.19096509   -12.428     3.627
 2016.19370294   -11.922     3.627
 2016.19644079    -8.396     3.627
 2016.19917864   -13.455     3.571
 2016.20191650   -10.306     3.637
 2016.20465435   -14.558     3.719
 2016.20739220   -13.290     3.719
 2016.21013005    -8.626     3.719
 2016.21286790    -7.585     3.637
 2016.21560575    -2.515     3.719
 2016.21834360    -4.236     3.627
 2016.22108145    -2.227     3.637
 2016.22381930    -4.080     3.637
 2016.22929500    -4.455     3.571
 2016.23203285    -7.837     3.627
 2016.23477070    -6.568     3.637
 2016.23750856    -5.383     3.719
 2016.24024641    -4.198     3.637
 2016.24298426    -6.258     3.637
 2016.24572211   -11.278     3.627
 2016.24845996    -5.493     3.637
 2016.25119781    -4.922     3.637
 2016.25393566    -6.537     3.637
 2016.25667351    -4.905     3.571
 2016.25941136    -6.540     3.637
 2016.26214921    -0.841     3.627
 2016.26488706    -3.252     3.637
 2016.26762491    -4.136     3.637
 2016.27036277    -4.918     3.637
 2016.27310062    -6.574     3.571
 2016.27583847    -2.158     3.627
 2016.27857632     0.421     3.627
 2016.28131417    -5.592     3.637
 2016.28405202    -6.402     3.627
 2016.28678987    -4.575     3.627
 2016.28952772    -2.552     3.571
 2016.29226557    -4.071     3.637
 2016.29500342    -0.246     3.627
 2016.29774127    -4.052     3.627
 2016.30047912    -8.119     3.637
 2016.30321697    -7.127     3.637
 2016.30595483    -6.258     3.627
 2016.30869268    -5.222     3.571
 2016.31143053    -7.141     3.627
 2016.31416838   -11.547     3.627
 2016.31690623    -9.167     3.627
 2016.31964408   -13.411     3.627
 2016.32238193    -8.908     3.627
 2016.32511978   -10.552     3.627
 2016.32785763   -13.876     3.627
 2016.33059548    -8.906     3.627
 2016.33333333   -11.185     3.627
 2016.33607118    -9.311     3.637
 2016.33880903   -11.467     3.637
 2016.34154689   -13.928     3.637
 2016.34428474    -8.445     3.637
 2016.34702259   -12.472     3.719
 2016.34976044    -4.431     3.637
 2016.35249829    -8.102     3.637
 2016.35523614    -5.995     3.627
 2016.35797399    -3.425     3.627
 2016.36071184    -5.406     3.627
 2016.36344969     2.788     3.627
 2016.36618754     3.647     3.637
 2016.36892539    -2.987     3.637
 2016.37166324   -10.246     3.627
 2016.37440110    -5.718     3.627
 2016.37713895    -4.591     3.627
 2016.37987680    -9.903     3.627
 2016.38261465    -6.554     3.637
 2016.38535250    -4.513     3.627
 2016.38809035    -7.956     3.627
 2016.39082820    -3.860     3.627
 2016.39356605    -6.578     3.627
 2016.39630390    -4.372     3.627
 2016.39904175    -9.458     3.627
 2016.40177960    -8.621     3.627
 2016.40451745    -2.298     3.776
 2016.40725530    -5.531     3.627
 2016.40999316    -1.065     3.627
 2016.41273101    -3.193     3.637
 2016.41546886    -5.760     3.637
 2016.41820671    -9.330     3.637
 2016.42094456    -6.436     3.637
 2016.42368241    -1.158     3.637
 2016.42642026    -6.369     3.637
 2016.42915811   -11.810     3.637
 2016.43189596    -6.092     3.627
 2016.43463381    -4.000     3.637
 2016.43737166    -0.856     3.627
 2016.44010951     1.877     3.637
 2016.44284736    -1.418     3.627
 2016.44558522    -5.074     3.571
 2016.44832307    -0.067     3.627
 2016.45106092    -0.441     3.627
 2016.45379877    -0.720     3.627
 2016.45653662    -2.567     3.637
 2016.45927447    -2.929     3.627
 2016.46201232    -3.176     3.627
 2016.46475017    -2.843     3.627
 2016.46748802    -8.271     3.637
 2016.47022587    -6.680     3.637
 2016.47296372    -8.757     3.627
 2016.47570157   -10.520     3.637
 2016.47843943    -7.501     3.719
 2016.48117728    -4.650     3.776
 2016.48391513    -1.181     3.719
 2016.48665298    -2.570     3.637
 2016.48939083   -10.560     3.637
 2016.49212868    -7.053     3.627
 2016.49486653    -6.457     3.719
 2016.49760438    -4.072     3.719
 2016.50034223    -6.163     3.637
 2016.50308008    -4.054     3.719
 2016.50581793    -8.679     3.719
 2016.50855578    -7.006     3.719
 2016.51129363    -4.259     3.637
 2016.51403149   -10.786     3.627
 2016.51676934    -9.973     3.627
 2016.51950719    -8.637     3.719
 2016.52224504   -11.161     3.627
 2016.52498289    -2.378     3.719
 2016.52772074    -4.350     3.719
 2016.53045859    -6.763     3.627
 2016.53319644    -5.011     3.627
 2016.53593429   -14.546     3.627
 2016.53867214   -15.360     3.627
 2016.54140999   -11.182     3.719
 2016.54414784   -12.410     3.719
 2016.54688569   -10.822     3.627
 2016.54962355    -6.987     3.637
 2016.55236140    -4.599     3.637
 2016.55509925    -9.703     3.627
 2016.55783710    -3.948     3.719
 2016.56057495   -17.165     3.637
 2016.56331280   -11.668     3.627
 2016.56605065   -10.539     3.719
 2016.56878850    -9.941     3.719
 2016.57152635    -9.818     3.719
 2016.57426420    -0.416     3.627
 2016.57700205     0.639     3.719
 2016.57973990    -5.046     3.627
 2016.58247775    -2.767     3.637
 2016.58521561    -5.299     3.637
 2016.58795346    -3.124     3.627
 2016.59069131    -3.002     3.719
 2016.59342916    -7.694     3.719
 2016.59616701    -7.829     3.709
 2016.59890486   -10.360     3.627
 2016.60164271   -12.513     3.637
 2016.60438056   -11.679     3.776
 2016.60711841    -9.890     3.637
 2016.60985626    -5.702     3.637
 2016.61259411   -12.393     3.571
 2016.61533196   -10.127     3.627
 2016.61806982    -8.296     3.637
 2016.62080767   -15.755     3.627
 2016.62354552    -9.106     3.627
 2016.62628337   -13.081     3.719
 2016.62902122   -13.023     3.627
 2016.63175907    -6.813     3.637
 2016.63449692    -9.411     3.776
 2016.63723477   -11.898     3.637
 2016.63997262   -10.267     3.637
 2016.64271047   -13.068     3.637
 2016.64544832    -7.197     3.627
 2016.64818617   -11.040     3.627
 2016.65092402   -10.633     3.627
 2016.65366188    -1.924     3.719
 2016.65639973    -6.109     3.719
 2016.65913758    -6.413     3.776
 2016.66187543    -6.944     3.627
 2016.66461328    -8.981     3.627
 2016.66735113    -8.780     3.627
 2016.67008898    -8.663     3.637
 2016.67282683    -9.125     3.858
 2016.67556468   -10.053     3.627
 2016.67830253    -2.520     3.637
 2016.68104038   -10.419     3.627
 2016.68377823   -12.394     3.627
 2016.68651608    -5.587     3.776
 2016.68925394    -7.839     3.776
 2016.69199179    -5.863     3.637
 2016.69472964    -8.470     3.627
 2016.69746749    -2.700     3.719
 2016.70020534    -6.119     3.637
 2016.70294319   -10.673     3.627
 2016.70568104    -1.194     3.637
 2016.70841889    -1.344     3.719
 2016.71115674    -1.878     3.776
 2016.71389459    -5.169     3.627
 2016.71663244    -4.139     3.627
 2016.71937029    -5.007     3.571
 2016.72210815    -2.229     3.627
 2016.72484600    -4.062     3.627
 2016.72758385     1.507     3.637
 2016.73032170    -4.402     3.719
 2016.73305955    -5.482     3.627
 2016.73579740    -6.482     3.627
 2016.73853525    -4.268     3.637
 2016.74127310    -2.638     3.627
 2016.74401095     0.650     3.627
 2016.74674880    -2.483     3.719
 2016.74948665     1.682     3.719
 2016.75222450    -2.664     3.627
 2016.75496235    -8.224     3.637
 2016.75770021    -4.367     3.627
 2016.76043806    -9.810     3.627
 2016.76317591    -8.472     3.571
 2016.76591376    -9.611     3.627
 2016.76865161    -8.647     3.627
 2016.77138946    -7.826     3.627
 2016.77412731   -10.468     3.627
 2016.77686516    -6.494     3.627
 2016.77960301    -3.205     3.627
 2016.78234086    -2.794     3.627
 2016.78507871    -2.548     3.627
 2016.78781656    -2.585     3.627
 2016.79055441    -1.918     3.627
 2016.79329227    -5.258     3.627
 2016.79603012    -3.660     3.627
 2016.79876797    -5.734     3.627
 2016.80150582    -5.163     3.627
 2016.80424367    -3.442     3.627
 2016.80698152    -3.380     3.627
 2016.80971937    -2.371     3.627
 2016.81519507    -3.376     3.627
 2016.81793292   -10.400     3.627
 2016.82067077    -6.129     3.627
 2016.82340862    -7.204     3.627
 2016.82614648    -5.801     3.627
 2016.82888433    -7.388     3.627
 2016.83162218    -8.906     3.627
 2016.83436003    -6.002     3.571
 2016.83709788    -4.054     3.637
 2016.83983573    -5.954     3.627
 2016.84257358    -8.169     3.627
 2016.84531143    -7.948     3.627
 2016.84804928    -2.031     3.571
 2016.85078713    -4.175     3.489
 2016.85352498    -1.547     3.637
 2016.85626283    -3.585     3.627
 2016.85900068     1.756     3.627
 2016.86173854    -3.463     3.637
 2016.86447639    -7.911     3.571
 2016.86721424    -7.457     3.545
 2016.86995209    -7.732     3.627
 2016.87268994    -7.306     3.627
 2016.87542779    -8.215     3.719
 2016.87816564    -8.868     3.627
 2016.88090349    -4.327     3.627
 2016.88364134    -0.344     3.637
 2016.88637919    -5.175     3.627
 2016.88911704    -5.231     3.627
 2016.89185489    -2.664     3.571
 2016.89459274     0.282     3.627
 2016.89733060    -7.463     3.627
 2016.90006845   -11.986     3.627
 2016.90280630   -13.394     3.627
 2016.90554415    -3.591     3.719
 2016.90828200    -4.388     3.637
 2016.91101985    -9.974     3.627
 2016.91375770    -8.466     3.627
 2016.91649555    -8.277     3.627
 2016.91923340    -8.852     3.637
 2016.92197125   -11.161     3.637
 2016.92470910   -10.462     3.627
 2016.92744695    -9.628     3.571
 2016.93018480    -3.584     3.627
 2016.93292266   -10.506     3.627
 2016.93566051    -7.191     3.627
 2016.93839836    -4.273     3.719
 2016.94113621    -4.665     3.637
 2016.94387406    -7.634     3.627
 2016.94661191    -9.838     3.627
 2016.94934976    -8.477     3.627
 2016.95208761    -3.080     3.719
 2016.95482546   -11.932     3.637
 2016.95756331    -9.145     3.489
 2016.96030116    -8.658     3.627
 2016.96303901   -14.977     3.627
 2016.96577687   -11.760     3.627
 2016.96851472    -8.154     3.571
 2016.97125257    -7.265     3.627
 2016.97399042    -8.189     3.627
 2016.97672827    -8.443     3.627
 2016.97946612    -9.054     3.627
 2016.98220397    -8.473     3.637
 2016.98494182   -11.765     3.571
 2016.98767967   -11.555     3.637
 2016.99041752    -9.815     3.627
 2016.99315537   -14.736     3.571
 2016.99589322   -17.671     3.627
 2016.99863107   -17.269     3.627
 2017.00136893    -9.471     3.627
 2017.00410678    -6.831     3.627
 2017.00684463    -5.396     3.627
 2017.00958248    -6.352     3.627
 2017.01232033   -11.887     3.627
 2017.01505818   -12.014     3.627
 2017.01779603   -13.406     3.627
 2017.02053388    -6.557     3.627
 2017.02327173    -9.566     3.627
 2017.02600958    -4.442     3.571
 2017.02874743    -7.147     3.637
 2017.03148528    -1.439     3.627
 2017.03422313    -3.358     3.627
 2017.03696099    -4.799     3.571
 2017.03969884    -6.328     3.571
 2017.04243669    -4.715     3.489
 2017.04517454    -6.027     3.571
 2017.04791239    -6.577     3.637
 2017.05065024    -7.352     3.637
 2017.05338809    -8.231     3.571
 2017.05612594    -9.733     3.571
 2017.05886379    -9.382     3.571
 2017.06160164    -8.738     3.571
 2017.06433949    -6.969     3.627
 2017.06707734   -12.080     3.571
 2017.06981520   -10.148     3.637
 2017.07255305    -5.936     3.571
 2017.07529090    -5.048     3.627
 2017.07802875    -6.234     3.627
 2017.08076660    -4.827     3.627
 2017.08350445    -6.528     3.489
 2017.08624230    -6.436     3.571
 2017.08898015     0.675     3.489
 2017.09171800     2.934     3.627
 2017.09445585    -0.467     3.627
 2017.09719370    -2.772     3.571
 2017.09993155     1.396     3.489
 2017.10266940    -5.504     3.571
 2017.10540726    -4.343     3.637
 2017.10814511    -6.406     3.627
 2017.11088296    -7.640     3.571
 2017.11362081    -7.384     3.627
 2017.11635866    -4.053     3.627
 2017.11909651    -4.873     3.571
 2017.12183436    -2.051     3.571
 2017.12457221    -8.019     3.627
 2017.12731006   -11.523     3.627
 2017.13004791    -9.686     3.627
 2017.13278576    -9.288     3.627
 2017.13552361    -0.769     3.627
 2017.13826146    -3.060     3.627
 2017.14099932    -1.275     3.627
 2017.14373717    -4.087     3.627
 2017.14647502    -1.398     3.627
 2017.14921287     2.471     3.627
 2017.15195072    -2.772     3.627
 2017.15468857    -6.530     3.627
 2017.15742642    -2.781     3.627
 2017.16016427    -0.839     3.637
 2017.16290212    -5.053     3.627
 2017.16563997    -6.291     3.627
 2017.16837782    -6.340     3.627
 2017.17111567    -3.902     3.627
 2017.17385352     1.052     3.627
 2017.17659138    -1.489     3.627
 2017.17932923    -1.459     3.719
 2017.18206708    -4.035     3.571
 2017.18480493    -0.392     3.637
 2017.18754278    -8.956     3.571
 2017.19028063    -3.767     3.571
 2017.19301848    -9.808     3.627
 2017.19575633    -2.164     3.627
 2017.19849418    -7.847     3.627
 2017.20123203    -6.658     3.637
 2017.20396988    -9.036     3.627
 2017.20670773    -2.368     3.637
 2017.20944559    -3.442     3.627
 2017.21218344    -3.647     3.627
 2017.21492129    -3.808     3.489
 2017.21765914    -0.344     3.571
 2017.22039699    -5.015     3.627
 2017.22313484    -3.611     3.627
 2017.22587269    -9.850     3.637
 2017.22861054    -9.565     3.637
 2017.23134839    -4.866     3.571
 2017.23408624    -3.819     3.627
 2017.23682409    -4.534     3.571
 2017.23956194    -4.943     3.627
 2017.24229979    -6.159     3.627
 2017.24503765    -9.466     3.627
 2017.24777550    -4.172     3.571
 2017.25051335    -4.478     3.627
 2017.25325120    -4.598     3.571
 2017.25872690    -6.170     3.571
 2017.26146475    -3.500     3.571
 2017.26420260    -5.516     3.627
 2017.26694045    -3.338     3.571
 2017.26967830    -4.549     3.627
 2017.27241615    -5.390     3.627
 2017.27515400    -5.874     3.627
 2017.27789185    -4.545     3.571
 2017.28062971    -4.271     3.627
 2017.28336756    -7.212     3.627
 2017.28610541    -1.759     3.627
 2017.28884326    -5.796     3.637
 2017.29158111    -6.368     3.627
 2017.29431896    -4.894     3.627
 2017.29705681    -9.386     3.627
 2017.29979466    -5.049     3.571
 2017.30253251    -5.770     3.627
 2017.30527036    -6.932     3.571
 2017.30800821    -7.012     3.571
 2017.31074606    -7.936     3.627
 2017.31348392    -4.104     3.627
 2017.31622177    -5.118     3.627
 2017.31895962    -9.373     3.627
 2017.32169747    -8.358     3.637
 2017.32443532    -5.748     3.719
 2017.32717317    -6.142     3.627
 2017.32991102    -2.183     3.627
 2017.33538672    -8.096     3.627
 2017.33812457    -7.781     3.627
 2017.34086242    -8.910     3.627
 2017.34360027    -5.847     3.637
 2017.34633812    -3.156     3.627
 2017.34907598    -5.674     3.637
 2017.35181383    -7.171     3.627
 2017.35455168    -3.655     3.571
 2017.35728953    -2.102     3.627
 2017.36002738    -2.431     3.627
 2017.36276523    -1.688     3.627
 2017.36550308    -6.702     3.637
 2017.36824093   -10.657     3.627
 2017.37097878   -11.427     3.627
 2017.37371663   -10.908     3.627
 2017.37645448   -11.613     3.627
 2017.37919233    -8.622     3.637
 2017.38193018    -4.530     3.719
 2017.38466804    -7.827     3.637
 2017.38740589    -7.858     3.627
 2017.39014374   -11.101     3.627
 2017.39288159    -8.864     3.637
 2017.39561944    -7.490     3.627
 2017.39835729   -13.131     3.571
 2017.40109514    -5.716     3.627
 2017.40383299    -6.481     3.627
 2017.40657084    -5.079     3.776
 2017.40930869    -5.366     3.627
 2017.41204654    -6.645     3.637
 2017.41478439    -5.609     3.627
 2017.41752225    -6.145     3.627
 2017.42026010   -10.664     3.637
 2017.42299795   -12.549     3.637
 2017.42573580    -6.548     3.719
 2017.42847365    -8.980     3.571
 2017.43121150    -2.476     3.637
 2017.43394935    -4.814     3.637
 2017.43668720    -7.981     3.637
 2017.43942505    -9.846     3.719
 2017.44216290    -3.733     3.627
 2017.44490075    -9.018     3.719
 2017.44763860    -2.377     3.627
 2017.45037645    -3.324     3.627
 2017.45311431    -6.209     3.627
 2017.45585216    -7.794     3.719
 2017.45859001    -9.142     3.637
 2017.46132786    -7.262     3.627
 2017.46406571    -7.303     3.627
 2017.46680356    -7.417     3.627
 2017.46954141   -10.214     3.637
 2017.47227926    -6.695     3.571
 2017.47501711    -5.893     3.719
 2017.47775496    -6.988     3.627
 2017.48049281    -6.215     3.627
 2017.48323066    -8.882     3.719
 2017.48596851    -5.715     3.627
 2017.48870637     0.205     3.627
 2017.49144422    -0.475     3.637
 2017.49418207    -1.745     3.637
 2017.49691992    -6.192     3.637
 2017.49965777    -4.782     3.637
 2017.50239562   -10.269     3.719
 2017.50513347    -6.573     3.719
 2017.50787132    -3.622     3.627
 2017.51060917    -3.212     3.627
 2017.51334702    -5.064     3.719
 2017.51608487    -3.876     3.637
 2017.51882272    -7.885     3.627
 2017.52156057    -5.030     3.627
 2017.52429843    -7.262     3.627
 2017.52703628    -6.477     3.719
 2017.52977413    -5.869     3.637
 2017.53251198    -5.555     3.571
 2017.53524983   -12.924     3.637
 2017.53798768    -6.516     3.627
 2017.54072553    -8.823     3.627
 2017.54346338   -10.162     3.627
 2017.54620123   -11.825     3.627
 2017.54893908    -6.294     3.637
 2017.55167693    -3.563     3.719
 2017.55441478    -7.682     3.627
 2017.55715264    -3.222     3.627
 2017.55989049    -1.790     3.637
 2017.56262834    -5.844     3.627
 2017.56536619    -2.360     3.637
 2017.56810404    -2.832     3.627
 2017.57084189    -4.029     3.776
 2017.57357974    -7.595     3.637
 2017.57631759    -4.297     3.719
 2017.57905544    -2.424     3.858
 2017.58179329    -4.327     3.637
 2017.58453114   -10.320     3.627
 2017.58726899    -3.514     3.637
 2017.59000684    -3.665     3.858
 2017.59274470    -5.886     3.719
 2017.59548255    -4.537     3.719
 2017.59822040    -4.783     3.637
 2017.60095825   -12.446     3.627
 2017.60369610    -8.522     3.637
 2017.60643395   -10.431     3.627
 2017.60917180    -7.476     3.627
 2017.61190965    -3.773     3.719
 2017.61464750    -6.385     3.719
 2017.61738535    -6.964     3.627
 2017.62012320    -9.789     3.719
 2017.62286105    -3.001     3.719
 2017.62559890    -7.240     3.627
 2017.62833676   -10.700     3.719
 2017.63107461    -5.249     3.858
 2017.63381246    -5.442     3.776
 2017.63655031   -14.841     3.719
 2017.63928816    -8.816     3.627
 2017.64202601    -6.406     3.627
 2017.64476386    -9.949     3.627
 2017.64750171    -6.305     3.627
 2017.65023956   -11.486     3.719
 2017.65297741    -9.042     3.627
 2017.65571526    -9.567     3.627
 2017.65845311    -9.549     3.627
 2017.66119097    -8.635     3.719
 2017.66392882    -5.347     3.627
 2017.66666667    -6.365     3.719
 2017.66940452   -10.289     3.637
 2017.67214237   -10.146     3.627
 2017.67488022    -4.348     3.637
 2017.67761807   -12.459     3.627
 2017.68035592    -9.606     3.627
 2017.68309377    -6.390     3.719
 2017.68583162    -3.901     3.719
 2017.68856947    -5.687     3.637
 2017.69130732    -7.228     3.627
 2017.69404517    -0.625     3.627
 2017.69678303    -0.263     3.637
 2017.69952088     4.326     3.719
 2017.70225873     2.186     3.719
 2017.70499658     1.355     3.719
 2017.70773443    -7.945     3.719
 2017.71047228   -11.701     3.627
 2017.71321013   -12.121     3.627
 2017.71594798    -6.042     3.627
 2017.71868583    -8.574     3.627
 2017.72142368    -8.033     3.627
 2017.72416153    -7.202     3.627
 2017.72689938   -12.912     3.719
 2017.72963723   -14.327     3.627
 2017.73237509    -5.265     3.627
 2017.73511294    -9.064     3.627
 2017.73785079    -7.517     3.627
 2017.74058864    -9.921     3.627
 2017.74332649   -12.321     3.627
 2017.74606434    -6.770     3.627
 2017.74880219    -7.282     3.719
 2017.75154004    -2.604     3.627
 2017.75427789    -6.400     3.719
 2017.75701574    -3.570     3.719
 2017.75975359    -9.063     3.776
 2017.76249144    -4.798     3.627
 2017.76522930    -5.962     3.627
 2017.76796715    -5.725     3.627
 2017.77070500    -4.774     3.627
 2017.77344285    -6.772     3.627
 2017.77618070    -6.566     3.627
 2017.77891855    -5.307     3.719
 2017.78165640    -2.824     3.719
 2017.78439425   -13.418     3.627
 2017.78713210   -16.408     3.627
 2017.78986995   -10.086     3.627
 2017.79260780   -13.968     3.627
 2017.79534565    -6.558     3.637
 2017.79808350    -5.675     3.719
 2017.80082136    -4.672     3.637
 2017.80355921    -9.196     3.719
 2017.80629706    -9.681     3.719
 2017.80903491   -10.864     3.627
 2017.81177276    -7.595     3.627
 2017.81451061    -8.783     3.627
 2017.81724846    -8.337     3.637
 2017.81998631   -15.438     3.627
 2017.82272416   -13.214     3.637
 2017.82546201    -8.281     3.637
 2017.82819986   -11.837     3.627
 2017.83093771   -10.725     3.627
 2017.83367556    -8.363     3.627
 2017.83641342    -5.781     3.627
 2017.83915127    -5.467     3.719
 2017.84188912    -5.743     3.627
 2017.84462697    -6.262     3.627
 2017.84736482    -5.967     3.627
 2017.85010267   -13.553     3.627
 2017.85284052    -8.445     3.627
 2017.85557837   -11.962     3.627
 2017.85831622    -5.802     3.637
 2017.86105407    -7.789     3.719
 2017.86379192    -4.527     3.719
 2017.86652977    -4.882     3.627
 2017.86926762    -6.755     3.627
 2017.87200548    -7.867     3.627
 2017.87474333   -13.479     3.571
 2017.87748118   -13.708     3.627
 2017.88021903   -13.341     3.627
 2017.88295688    -7.615     3.719
 2017.88569473   -13.011     3.627
 2017.88843258    -8.169     3.627
 2017.89117043    -7.275     3.627
 2017.89390828    -3.679     3.627
 2017.89664613    -0.937     3.627
 2017.89938398   -12.832     3.637
 2017.90212183   -14.270     3.627
 2017.90485969   -17.096     3.627
 2017.90759754   -16.526     3.627
 2017.91033539   -12.333     3.627
 2017.91307324    -6.808     3.637
 2017.91581109   -10.886     3.637
 2017.91854894    -8.438     3.627
 2017.92128679    -9.004     3.627
 2017.92402464    -9.378     3.627
 2017.92676249    -9.759     3.627
 2017.92950034   -12.248     3.627
 2017.93223819    -7.814     3.627
 2017.93497604    -5.100     3.719
 2017.93771389    -9.089     3.627
 2017.94045175    -3.627     3.627
 2017.94318960     4.919     3.571
 2017.94592745    -0.220     3.571
 2017.94866530    -3.981     3.571
 2017.95140315    -2.436     3.627
 2017.95414100    -4.386     3.637
 2017.95687885     0.369     3.627
 2017.95961670    -9.771     3.627
 2017.96235455   -14.206     3.627
 2017.96509240   -10.887     3.627
 2017.96783025    -9.190     3.637
 2017.97056810    -9.953     3.637
 2017.97330595   -10.661     3.627
 2017.97604381   -17.502     3.627
 2017.97878166   -10.023     3.627
 2017.98151951   -10.238     3.627
 2017.98425736    -2.956     3.627
 2017.98973306     0.154     3.571
 2017.99247091    -7.295     3.571
 2017.99520876    -2.585     3.627
 2017.99794661    -2.277     3.571
 2018.00068446    -2.433     3.571
 2018.00342231    -0.278     3.627
 2018.00616016   -12.052     3.571
 2018.00889802    -2.764     3.627
 2018.01163587    -5.860     3.627
 2018.01437372    -0.816     3.571
 2018.01711157    -6.743     3.571
 2018.01984942    -9.895     3.571
 2018.02258727    -9.671     3.571
 2018.02532512    -6.110     3.571
 2018.02806297    -7.779     3.571
 2018.03080082    -9.670     3.571
 2018.03353867   -13.657     3.627
 2018.03627652    -8.093     3.627
 2018.03901437    -5.167     3.571
 2018.04175222    -3.217     3.571
 2018.04449008    -4.767     3.571
 2018.04722793    -4.438     3.627
 2018.04996578    -4.495     3.571
 2018.05270363    -9.554     3.571
 2018.05544148    -7.215     3.571
 2018.05817933    -6.165     3.571
 2018.06091718    -4.864     3.627
 2018.06365503    -8.618     3.637
 2018.06639288    -7.888     3.637
 2018.06913073    -5.177     3.637
 2018.07186858   -13.619     3.637
 2018.07460643    -9.791     3.637
 2018.07734428    -8.876     3.637
 2018.08008214    -6.475     3.637
 2018.08281999    -9.955     3.637
 2018.08555784    -8.035     3.637
 2018.08829569    -9.786     3.637
 2018.09103354   -10.244     3.637
 2018.09377139    -5.683     3.637
 2018.09650924    -6.554     3.637
 2018.09924709    -6.936     3.637
 2018.10198494    -6.810     3.637
 2018.10472279    -4.744     3.637
 2018.10746064    -8.949     3.719
 2018.11019849    -0.847     3.637
 2018.11293634    -3.838     3.637
 2018.11567420     0.619     3.637
 2018.11841205    -0.255     3.637
 2018.12114990    -4.406     3.637
 2018.12388775    -5.257     3.719
 2018.12662560    -2.265     3.637
 2018.12936345   -15.023     3.637
 2018.13210130    -5.618     3.637
 2018.13483915    -5.952     3.637
 2018.13757700    -7.703     3.637
 2018.14031485    -4.109     3.637
 2018.14305270    -4.300     3.637
 2018.14579055    -4.762     3.637
 2018.14852841    -3.634     3.719
 2018.15126626    -8.480     3.719
 2018.15400411    -6.988     3.637
 2018.15674196    -6.188     3.637
 2018.15947981    -8.128     3.637
 2018.16221766    -3.964     3.637
 2018.16495551     3.125     3.719
 2018.16769336     2.688     3.719
 2018.17043121     4.261     3.637
 2018.17316906     8.161     3.637
 2018.17590691     7.445     3.637
 2018.17864476     7.114     3.637
 2018.18138261    -1.163     3.637
 2018.18412047    -0.936     3.776
 2018.18685832    -3.227     3.719
 2018.18959617    -1.420     3.637
 2018.19233402     3.001     3.637
 2018.19507187     1.153     3.637
 2018.19780972     0.094     3.637
 2018.20054757    -0.486     3.637
 2018.20328542    -2.406     3.719
 2018.20602327     1.124     3.637
 2018.20876112     4.262     3.637
 2018.21149897     3.325     3.637
 2018.21423682     1.665     3.637
 2018.21697467    -4.761     3.637
 2018.21971253    -2.604     3.627
 2018.22245038    -0.900     3.627
 2018.22518823     5.016     3.627
 2018.22792608     2.333     3.627
 2018.23066393    -0.023     3.627
 2018.23340178    -2.541     3.627
 2018.23613963    -5.831     3.627
 2018.23887748    -0.671     3.627
 2018.24161533     6.462     3.627
 2018.24435318     4.301     3.545
 2018.24709103    -0.517     3.637
 2018.24982888    -7.197     3.637
 2018.25256674    -2.053     3.627
 2018.25530459    -1.202     3.637
 2018.25804244    -0.385     3.627
 2018.26078029    -4.686     3.637
 2018.26351814    -5.030     3.637
 2018.26625599    -2.925     3.637
 2018.26899384    -5.829     3.627
 2018.27173169    -1.284     3.627
 2018.27446954    -5.330     3.627
 2018.27720739    -2.632     3.637
 2018.27994524     1.597     3.719
 2018.28268309    -5.876     3.776
 2018.28542094    -8.660     3.637
 2018.28815880    -4.741     3.627
 2018.29089665    -6.139     3.637
 2018.29363450    -8.863     3.776
 2018.29637235   -10.086     3.637
 2018.29911020   -10.337     3.627
 2018.30184805    -8.561     3.627
 2018.30458590    -2.730     3.627
 2018.30732375    -0.380     3.627
 2018.31006160    -0.468     3.637
 2018.31279945    -3.544     3.627
 2018.31553730    -4.749     3.627
 2018.31827515    -5.038     3.627
 2018.32101300    -3.292     3.637
 2018.32375086    -1.369     3.627
 2018.32648871    -3.456     3.637
 2018.32922656    -2.161     3.637
 2018.33196441    -4.337     3.637
 2018.33470226    -7.798     3.637
 2018.33744011    -4.306     3.637
 2018.34017796    -7.215     3.637
 2018.34291581    -5.303     3.637
 2018.34565366    -5.006     3.627
 2018.34839151    -2.654     3.627
 2018.35112936    -2.651     3.627
 2018.35386721    -1.870     3.627
 2018.35660507   -11.674     3.637
 2018.35934292    -6.135     3.627
 2018.36208077    -2.322     3.545
 2018.36481862    -7.424     3.637
 2018.36755647    -4.890     3.627
 2018.37029432    -4.409     3.627
 2018.37303217     1.836     3.637
 2018.37577002   -11.375     3.637
 2018.37850787    -6.112     3.637
 2018.38124572    -9.236     3.627
 2018.38398357    -8.835     3.627
 2018.38672142    -5.399     3.637
 2018.38945927    -4.577     3.637
 2018.39219713   -11.187     3.555
 2018.39493498    -9.608     3.637
 2018.39767283    -7.740     3.627
 2018.40041068    -5.727     3.637
 2018.40314853    -7.520     3.637
 2018.40588638    -6.525     3.637
 2018.40862423    -6.975     3.637
 2018.41136208    -8.891     3.719
 2018.41409993    -4.129     3.637
 2018.41683778    -7.762     3.637
 2018.41957563    -8.188     3.637
 2018.42231348    -2.126     3.627
 2018.42505133    -6.956     3.637
 2018.42778919    -6.393     3.637
 2018.43052704    -4.599     3.637
 2018.43326489    -4.653     3.637
 2018.43600274    -6.588     3.637
 2018.43874059    -2.042     3.637
 2018.44147844    -4.748     3.637
 2018.44421629    -7.082     3.637
 2018.44695414    -3.712     3.637
 2018.44969199    -5.357     3.637
 2018.45242984    -3.020     3.637
 2018.45516769    -6.210     3.627
 2018.45790554    -8.097     3.637
 2018.46064339   -12.230     3.719
 2018.46338125    -7.864     3.637
 2018.46611910    -8.693     3.637
 2018.46885695    -1.235     3.637
 2018.47159480    -3.069     3.637
 2018.47433265    -7.313     3.637
 2018.47707050    -8.595     3.637
 2018.47980835    -7.538     3.637
 2018.48254620    -9.529     3.637
 2018.48528405    -7.203     3.637
 2018.48802190    -8.555     3.637
 2018.49075975    -4.486     3.637
 2018.49349760    -5.437     3.637
 2018.49623546    -7.769     3.637
 2018.49897331    -6.076     3.637
 2018.50171116   -11.133     3.637
 2018.50444901    -2.917     3.637
 2018.50718686    -3.323     3.637
 2018.50992471    -6.670     3.637
 2018.51266256    -2.795     3.637
 2018.51540041    -4.990     3.637
 2018.51813826    -4.414     3.637
 2018.52087611    -7.448     3.637
 2018.52361396    -5.643     3.637
 2018.52635181    -0.323     3.637
 2018.52908966    -7.478     3.637
 2018.53182752    -6.129     3.637
 2018.53456537    -7.059     3.637
 2018.53730322    -8.449     3.637
 2018.54004107    -3.444     3.637
 2018.54277892   -12.800     3.858
 2018.54551677    -5.050     3.637
 2018.54825462    -3.392     3.637
 2018.55099247    -6.064     3.637
 2018.55373032    -1.143     3.637
 2018.55646817    -6.834     3.637
 2018.55920602    -5.180     3.637
 2018.56194387    -0.553     3.637
 2018.56468172    -1.913     3.719
 2018.56741958    -7.192     3.637
 2018.57015743    -4.737     3.637
 2018.57289528    -2.786     3.776
 2018.57563313    -9.418     3.776
 2018.57837098    -1.655     3.776
 2018.58110883    -6.096     3.858
 2018.58384668    -9.690     3.719
 2018.58658453    -8.113     3.776
 2018.58932238    -9.451     3.637
 2018.59206023    -3.471     3.637
 2018.59479808    -1.320     3.637
 2018.59753593    -4.970     3.637
 2018.60027379    -3.204     3.637
 2018.60301164    -6.079     3.776
 2018.60574949    -7.004     3.776
 2018.60848734    -5.452     3.637
 2018.61122519    -3.326     3.776
 2018.61396304    -4.981     3.637
 2018.61670089    -3.074     3.637
 2018.61943874    -7.150     3.637
 2018.62217659    -5.904     3.637
 2018.62491444    -3.282     3.719
 2018.62765229    -8.232     3.858
 2018.63039014    -5.448     3.637
 2018.63312799     3.107     3.637
 2018.63586585    -1.194     3.637
 2018.63860370    -6.315     3.637
 2018.64134155    -2.816     3.719
 2018.64407940    -1.942     3.776
 2018.64681725     4.080     3.858
 2018.64955510    -2.219     3.637
 2018.65229295    -2.798     3.719
 2018.65503080    -2.636     3.719
 2018.65776865    -6.895     3.637
 2018.66050650    -3.187     3.637
 2018.66324435    -3.922     3.637
 2018.66598220    -4.918     3.637
 2018.66872005    -9.211     3.637
 2018.67145791    -4.661     3.637
 2018.67419576     1.893     3.637
 2018.67693361    -2.581     3.637
 2018.67967146    -5.227     3.637
 2018.68240931     0.908     3.637
 2018.68514716    -1.800     3.776
 2018.68788501     0.026     3.776
 2018.69062286    -3.329     3.637
 2018.69336071    -2.647     3.776
 2018.69609856    -1.870     3.776
 2018.69883641    -2.180     3.637
 2018.70157426    -6.078     3.637
 2018.70431211    -5.685     3.694
 2018.70704997     1.216     3.637
 2018.70978782    -6.713     3.637
 2018.71252567    -3.548     3.637
 2018.71526352    -5.509     3.637
 2018.71800137    -4.331     3.637
 2018.72073922    -2.847     3.627
 2018.72347707    -6.962     3.776
 2018.72621492    -1.654     3.776
 2018.72895277     0.388     3.637
 2018.73169062    -7.591     3.637
 2018.73442847    -8.488     3.637
 2018.73716632    -7.577     3.637
 2018.73990418    -7.432     3.637
 2018.74264203    -7.489     3.637
 2018.74537988    -5.962     3.637
 2018.74811773    -6.812     3.637
 2018.75085558    -9.385     3.637
 2018.75359343    -6.792     3.719
 2018.75633128    -9.092     3.637
 2018.75906913    -6.026     3.637
 2018.76180698    -9.321     3.637
 2018.76454483    -4.531     3.637
 2018.76728268    -6.809     3.637
 2018.77002053    -5.391     3.637
 2018.77275838    -6.841     3.637
 2018.77549624    -6.772     3.637
 2018.77823409    -8.981     3.637
 2018.78097194    -5.489     3.719
 2018.78370979    -8.013     3.637
 2018.78644764    -6.536     3.627
 2018.78918549    -5.214     3.637
 2018.79192334    -0.172     3.637
 2018.79466119   -10.683     3.637
 2018.79739904    -6.398     3.637
 2018.80013689    -9.743     3.627
 2018.80287474    -7.407     3.627
 2018.80561259    -6.733     3.637
 2018.80835044    -6.028     3.637
 2018.81108830    -1.170     3.637
 2018.81382615    -8.429     3.776
 2018.81656400    -1.040     3.637
 2018.81930185   -10.345     3.627
 2018.82203970    -3.993     3.627
 2018.82477755    -5.745     3.637
 2018.82751540    -4.600     3.637
 2018.83025325    -9.011     3.637
 2018.83299110    -6.248     3.637
 2018.83572895    -2.814     3.637
 2018.83846680   -11.092     3.637
 2018.84120465    -9.851     3.627
 2018.84394251    -4.977     3.637
 2018.84668036    -1.747     3.627
 2018.84941821    -0.138     3.545
 2018.85215606    -7.728     3.637
 2018.85489391    -9.188     3.627
 2018.85763176    -7.574     3.637
 2018.86036961    -2.093     3.637
 2018.86310746    -3.294     3.637
 2018.86584531    -2.821     3.637
 2018.86858316    -6.924     3.637
 2018.87132101   -12.284     3.637
 2018.87405886    -4.473     3.637
 2018.87679671    -7.378     3.637
 2018.87953457    -9.241     3.637
 2018.88227242    -4.183     3.637
 2018.88501027    -8.134     3.637
 2018.88774812    -4.252     3.637
 2018.89048597    -3.993     3.637
 2018.89322382     1.971     3.637
 2018.89596167     0.257     3.637
 2018.89869952    -3.828     3.719
 2018.90143737     0.217     3.637
 2018.90417522     1.961     3.637
 2018.90691307     0.795     3.637
 2018.90965092     1.295     3.637
 2018.91238877     4.789     3.719
 2018.91512663    -1.449     3.719
 2018.91786448    -2.626     3.637
 2018.92060233    -2.017     3.637
 2018.92334018    -1.330     3.637
 2018.92607803    -4.732     3.637
 2018.92881588    -3.783     3.637
 2018.93155373    -0.473     3.637
 2018.93429158     1.029     3.776
 2018.93702943     0.717     3.637
 2018.93976728     2.206     3.637
 2018.94250513     2.301     3.637
 2018.94524298    -9.296     3.637
 2018.94798084    -3.024     3.555
 2018.95071869    -3.671     3.637
 2018.95345654    -8.180     3.637
 2018.95619439    -5.560     3.637
 2018.95893224     3.354     3.637
 2018.96167009    -5.422     3.637
 2018.96440794    -2.989     3.637
 2018.96714579    -1.891     3.637
 2018.96988364    -7.167     3.627
 2018.97262149    -4.449     3.637
 2018.97535934    -2.506     3.637
 2018.97809719    -2.742     3.555
 2018.98083504    -5.012     3.555
 2018.98357290    -1.822     3.637
 2018.98631075    -4.830     3.637
 2018.98904860    -1.439     3.637
 2018.99178645    -4.295     3.637
 2018.99452430    -0.442     3.637
 2018.99726215    -7.425     3.637
 2019.00000000    -6.415     3.637
 2019.00273785    -4.001     3.719
 2019.00547570   -14.075     3.637
 2019.00821355   -12.082     3.637
 2019.01095140    -5.409     3.637
 2019.01368925    -4.631     3.637
 2019.01642710   -10.444     3.637
 2019.01916496    -7.780     3.637
 2019.02190281    -6.975     3.637
 2019.02464066    -8.637     3.637
 2019.02737851    -5.110     3.637
 2019.03011636    -4.906     3.637
 2019.03285421    -3.940     3.637
 2019.03559206    -0.928     3.627
 2019.03832991     1.581     3.637
 2019.04106776    -2.177     3.637
 2019.04380561    -5.065     3.627
 2019.04654346    -1.417     3.627
 2019.04928131    -7.024     3.637
 2019.05201916    -8.405     3.637
 2019.05475702    -6.019     3.719
 2019.05749487    -8.848     3.637
 2019.06023272    -1.304     3.719
 2019.06297057     2.199     3.637
 2019.06570842    -0.144     3.637
 2019.06844627    -0.665     3.637
 2019.07118412    -3.997     3.637
 2019.07392197    -2.700     3.637
 2019.07665982     1.177     3.627
 2019.07939767    -1.241     3.627
 2019.08213552     2.741     3.627
 2019.08487337    -0.890     3.637
 2019.08761123    -1.627     3.637
 2019.09034908    -2.938     3.627
 2019.09308693    -6.988     3.627
 2019.09582478    -5.955     3.627
 2019.09856263    -9.975     3.637
 2019.10130048    -7.810     3.637
 2019.10403833    -6.143     3.637
 2019.10677618    -1.114     3.627
 2019.10951403    -1.114     3.627
 2019.11225188    -3.228     3.637
 2019.11498973    -5.035     3.637
 2019.11772758    -6.326     3.719
 2019.12046543   -10.669     3.637
 2019.12320329   -12.923     3.637
 2019.12594114   -11.076     3.637
 2019.12867899    -9.415     3.627
 2019.13141684   -10.154     3.637
 2019.13415469    -9.663     3.637
 2019.13689254    -7.219     3.637
 2019.13963039    -7.753     3.637
 2019.14236824   -11.658     3.545
 2019.14510609   -12.541     3.627
 2019.14784394    -8.328     3.637
 2019.15058179    -8.291     3.637
 2019.15331964    -9.441     3.637
 2019.15605749    -9.010     3.637
 2019.15879535    -3.542     3.627
 2019.16153320    -5.617     3.627
 2019.16427105    -5.470     3.637
 2019.16700890     0.824     3.637
 2019.16974675    -3.366     3.637
 2019.17248460     2.776     3.627
 2019.17522245    -0.244     3.627
 2019.17796030    -2.573     3.627
 2019.18069815    -6.536     3.637
 2019.18343600    -6.053     3.637
 2019.18617385    -2.820     3.637
 2019.18891170    -6.133     3.627
 2019.19164956    -5.274     3.627
 2019.19438741   -11.060     3.637
 2019.19712526   -11.307     3.637
 2019.19986311    -4.891     3.637
 2019.20260096    -5.482     3.637
 2019.20533881    -5.202     3.637
 2019.20807666    -2.291     3.637
 2019.21081451    -4.661     3.637
 2019.21355236   -11.792     3.637
 2019.21629021   -12.421     3.637
 2019.21902806   -10.394     3.637
 2019.22176591    -9.206     3.637
 2019.22450376   -13.575     3.637
