 % site name LEN1    component: U    
 % Time [Year], Uplift [mm], error [mm]
 2016.02669405    66.630     3.716
 2016.02943190    63.889     3.716
 2016.03216975    64.992     3.663
 2016.03490760    63.248     3.663
 2016.03764545    64.016     3.653
 2016.04038330    65.428     3.716
 2016.04312115    61.928     3.663
 2016.04585900    61.766     3.663
 2016.04859685    62.190     3.716
 2016.05133470    64.564     3.653
 2016.05407255    63.923     3.663
 2016.05681040    63.976     3.663
 2016.05954825    64.395     3.663
 2016.06228611    57.494     3.663
 2016.06502396    55.957     3.663
 2016.06776181    57.014     3.800
 2016.07049966    58.145     3.716
 2016.07323751    59.271     3.716
 2016.07597536    54.592     3.716
 2016.07871321    61.132     3.800
 2016.08145106    57.113     3.800
 2016.08418891    59.854     3.800
 2016.08692676    52.611     3.663
 2016.08966461    48.941     3.663
 2016.09240246    56.328     4.537
 2016.09514031    54.900     3.663
 2016.09787817    57.073     3.663
 2016.10061602    58.959     3.663
 2016.10335387    56.417     3.716
 2016.10609172    61.071     3.716
 2016.10882957    60.533     3.663
 2016.11156742    57.685     3.663
 2016.11430527    61.810     3.663
 2016.11704312    63.655     3.716
 2016.11978097    63.997     3.663
 2016.12251882    60.273     3.663
 2016.12525667    55.594     3.663
 2016.12799452    58.428     3.716
 2016.13073238    59.808     3.663
 2016.13347023    60.809     3.716
 2016.13620808    62.016     3.716
 2016.13894593    56.917     3.800
 2016.14168378    52.819     3.663
 2016.14442163    52.737     3.800
 2016.14715948    54.004     3.663
 2016.14989733    56.488     3.663
 2016.15263518    58.302     3.663
 2016.15537303    57.895     3.800
 2016.15811088    54.512     3.663
 2016.16084873    54.812     3.800
 2016.16358658    53.082     3.800
 2016.16632444    59.721     3.716
 2016.16906229    57.830     3.663
 2016.17180014    58.039     3.663
 2016.17453799    58.722     3.800
 2016.17727584    60.179     3.800
 2016.18001369    58.059     3.800
 2016.18275154    72.055     3.800
 2016.18548939    54.791     3.800
 2016.18822724    60.069     3.663
 2016.19096509    53.363     3.653
 2016.19370294    55.369     3.653
 2016.19644079    55.169     3.653
 2016.19917864    54.416     3.653
 2016.20191650    53.047     3.747
 2016.20465435    53.524     3.747
 2016.20739220    57.158     3.800
 2016.21013005    55.404     3.800
 2016.21286790    58.895     3.800
 2016.21560575    62.638     3.747
 2016.21834360    61.723     3.653
 2016.22108145    59.861     3.663
 2016.22381930    60.476     3.663
 2016.22929500    59.831     3.653
 2016.23203285    56.952     3.663
 2016.23477070    60.500     3.653
 2016.23750856    57.503     3.800
 2016.24024641    59.716     3.663
 2016.24298426    60.953     3.800
 2016.24572211    56.454     3.663
 2016.24845996    54.788     3.663
 2016.25119781    61.958     3.653
 2016.25393566    61.917     3.747
 2016.25667351    62.359     3.747
 2016.25941136    58.084     3.747
 2016.26214921    60.643     3.663
 2016.26488706    60.294     3.747
 2016.26762491    61.103     3.663
 2016.27036277    61.502     3.663
 2016.27310062    59.685     3.653
 2016.27583847    59.568     3.653
 2016.27857632    64.263     3.663
 2016.28131417    62.267     3.663
 2016.28405202    63.314     3.653
 2016.28678987    63.764     3.653
 2016.28952772    62.556     3.663
 2016.29226557    59.966     3.663
 2016.29500342    60.498     3.653
 2016.29774127    57.486     3.653
 2016.30047912    55.479     3.663
 2016.30321697    55.419     3.747
 2016.30595483    60.332     3.747
 2016.30869268    55.990     3.653
 2016.31143053    60.984     3.653
 2016.31416838    57.968     3.663
 2016.31690623    58.406     3.653
 2016.31964408    59.606     3.663
 2016.32238193    58.140     3.663
 2016.32511978    53.984     3.653
 2016.32785763    53.439     3.653
 2016.33059548    55.970     3.663
 2016.33333333    56.110     3.653
 2016.33607118    60.466     3.800
 2016.33880903    52.268     3.663
 2016.34154689    54.655     3.663
 2016.34428474    57.993     3.663
 2016.34702259    54.137     3.800
 2016.34976044    61.507     3.800
 2016.35249829    61.849     3.800
 2016.35523614    60.906     3.653
 2016.35797399    61.269     3.653
 2016.36071184    63.925     3.663
 2016.36344969    65.648     3.653
 2016.36618754    67.707     3.663
 2016.36892539    63.705     3.653
 2016.37166324    56.969     3.663
 2016.37440110    60.123     3.663
 2016.37713895    62.386     3.653
 2016.37987680    57.391     3.653
 2016.38261465    63.122     3.663
 2016.38535250    58.927     3.663
 2016.38809035    56.574     3.663
 2016.39082820    65.290     3.747
 2016.39356605    57.506     3.653
 2016.39630390    56.379     3.800
 2016.39904175    53.885     3.800
 2016.40177960    59.648     3.653
 2016.40451745    60.996     3.800
 2016.40725530    62.168     3.747
 2016.40999316    63.379     3.747
 2016.41273101    58.357     3.800
 2016.41546886    56.408     3.800
 2016.41820671    55.829     3.800
 2016.42094456    62.201     3.800
 2016.42368241    57.463     3.747
 2016.42642026    62.256     3.747
 2016.42915811    58.471     3.800
 2016.43189596    63.070     3.747
 2016.43463381    59.808     3.747
 2016.43737166    62.910     3.747
 2016.44010951    65.335     3.663
 2016.44284736    63.006     3.653
 2016.44558522    63.392     3.653
 2016.44832307    61.794     3.653
 2016.45106092    67.002     3.800
 2016.45379877    65.611     3.653
 2016.45653662    60.794     3.663
 2016.45927447    66.041     3.653
 2016.46201232    64.055     3.653
 2016.46475017    63.181     3.747
 2016.46748802    60.359     3.747
 2016.47022587    63.499     3.663
 2016.47296372    58.442     3.663
 2016.47570157    66.131     3.800
 2016.47843943    65.570     3.800
 2016.48117728    61.071     3.800
 2016.48391513    63.581     3.800
 2016.48665298    63.821     3.747
 2016.48939083    56.562     3.663
 2016.49212868    59.495     3.663
 2016.49486653    61.406     3.747
 2016.49760438    63.676     3.800
 2016.50034223    61.875     3.747
 2016.50308008    62.943     3.800
 2016.50581793    63.438     3.800
 2016.50855578    59.799     3.800
 2016.51129363    63.055     3.663
 2016.51403149    57.768     3.653
 2016.51676934    59.422     3.663
 2016.51950719    59.276     3.800
 2016.52224504    58.196     3.800
 2016.52498289    62.330     3.800
 2016.52772074    61.747     3.800
 2016.53045859    60.990     3.653
 2016.53319644    56.033     3.747
 2016.53593429    55.907     3.747
 2016.53867214    57.858     3.747
 2016.54140999    63.401     3.800
 2016.54414784    56.605     3.747
 2016.54688569    57.057     3.747
 2016.54962355    60.305     3.747
 2016.55236140    63.284     3.800
 2016.55509925    61.759     3.747
 2016.55783710    63.324     3.800
 2016.56057495    56.250     3.800
 2016.56331280    61.473     3.747
 2016.56605065    57.242     3.800
 2016.56878850    58.289     3.800
 2016.57152635    62.350     3.884
 2016.57426420    66.520     3.653
 2016.57700205    62.577     3.884
 2016.57973990    62.114     3.747
 2016.58247775    60.140     3.747
 2016.58521561    60.550     3.800
 2016.58795346    64.433     3.800
 2016.59069131    58.343     3.800
 2016.59342916    61.937     3.800
 2016.59616701    56.151     3.653
 2016.59890486    58.833     3.663
 2016.60164271    58.904     3.800
 2016.60438056    55.600     3.800
 2016.60711841    52.550     3.747
 2016.60985626    57.187     3.653
 2016.61259411    58.774     3.663
 2016.61533196    55.121     3.716
 2016.61806982    54.128     3.747
 2016.62080767    52.999     3.653
 2016.62354552    56.666     3.747
 2016.62628337    58.292     3.800
 2016.62902122    56.389     3.653
 2016.63175907    58.789     3.653
 2016.63449692    58.500     3.800
 2016.63723477    55.976     3.800
 2016.63997262    54.927     3.800
 2016.64271047    56.754     3.800
 2016.64544832    57.559     3.653
 2016.64818617    62.173     3.706
 2016.65092402    55.751     3.800
 2016.65366188    61.590     3.800
 2016.65639973    61.141     3.653
 2016.65913758    60.898     3.884
 2016.66187543    59.771     3.706
 2016.66461328    59.602     3.653
 2016.66735113    59.844     3.800
 2016.67008898    64.851     3.663
 2016.67282683    54.838     3.800
 2016.67556468    57.801     3.663
 2016.67830253    57.670     3.663
 2016.68104038    58.559     3.663
 2016.68377823    59.795     3.800
 2016.68651608    70.393     3.884
 2016.68925394    66.935     3.884
 2016.69199179    63.302     3.800
 2016.69472964    61.055     3.663
 2016.69746749    66.181     3.800
 2016.70020534    59.346     3.663
 2016.70294319    67.132     3.663
 2016.70568104    64.074     3.800
 2016.70841889    65.420     3.800
 2016.71115674    60.588     3.800
 2016.71389459    64.229     3.800
 2016.71663244    65.422     3.653
 2016.71937029    65.244     3.653
 2016.72210815    62.130     3.653
 2016.72484600    65.294     3.653
 2016.72758385    65.379     3.800
 2016.73032170    61.961     3.800
 2016.73305955    67.617     3.663
 2016.73579740    63.857     3.663
 2016.73853525    64.465     3.716
 2016.74127310    63.930     3.800
 2016.74401095    57.052     3.800
 2016.74674880    64.067     3.884
 2016.74948665    63.810     3.884
 2016.75222450    67.864     3.791
 2016.75496235    59.874     3.653
 2016.75770021    60.584     3.663
 2016.76043806    60.440     3.663
 2016.76317591    61.095     3.653
 2016.76591376    59.909     3.653
 2016.76865161    60.344     3.653
 2016.77138946    61.398     3.653
 2016.77412731    55.162     3.663
 2016.77686516    60.581     3.663
 2016.77960301    66.936     3.663
 2016.78234086    67.250     3.653
 2016.78507871    64.949     3.716
 2016.78781656    64.424     3.663
 2016.79055441    67.850     3.663
 2016.79329227    62.495     3.653
 2016.79603012    62.023     3.653
 2016.79876797    61.934     3.653
 2016.80150582    60.362     3.653
 2016.80424367    62.437     3.716
 2016.80698152    60.824     3.663
 2016.80971937    62.581     3.653
 2016.81519507    60.678     3.653
 2016.81793292    60.750     3.653
 2016.82067077    60.674     3.653
 2016.82340862    61.619     3.747
 2016.82614648    59.960     3.653
 2016.82888433    59.861     3.653
 2016.83162218    60.210     3.653
 2016.83436003    57.129     3.653
 2016.83709788    61.808     3.653
 2016.83983573    57.093     3.653
 2016.84257358    64.597     3.653
 2016.84531143    57.717     3.653
 2016.84804928    64.725     3.653
 2016.85078713    62.406     3.653
 2016.85352498    66.049     3.653
 2016.85626283    64.996     3.653
 2016.85900068    68.221     3.653
 2016.86173854    65.057     3.663
 2016.86447639    64.865     3.653
 2016.86721424    62.560     3.653
 2016.86995209    61.207     3.653
 2016.87268994    61.010     3.653
 2016.87542779    58.354     3.653
 2016.87816564    57.516     3.738
 2016.88090349    59.856     3.653
 2016.88364134    65.878     3.653
 2016.88637919    63.284     3.653
 2016.88911704    66.002     3.653
 2016.89185489    63.929     3.653
 2016.89459274    67.952     3.653
 2016.89733060    62.749     3.653
 2016.90006845    63.124     3.653
 2016.90280630    65.191     3.653
 2016.90554415    67.704     3.800
 2016.90828200    60.540     3.747
 2016.91101985    59.234     3.653
 2016.91375770    62.059     3.663
 2016.91649555    60.526     3.653
 2016.91923340    60.739     3.800
 2016.92197125    58.214     3.663
 2016.92470910    59.344     3.653
 2016.92744695    56.830     3.653
 2016.93018480    60.889     3.653
 2016.93292266    56.952     3.653
 2016.93566051    59.711     3.653
 2016.93839836    55.677     3.653
 2016.94113621    63.390     3.800
 2016.94387406    61.397     3.653
 2016.94661191    60.597     3.653
 2016.94934976    63.818     3.653
 2016.95208761    59.868     3.800
 2016.95482546    58.262     3.663
 2016.95756331    64.260     3.653
 2016.96030116    56.721     3.663
 2016.96303901    55.609     3.663
 2016.96577687    58.833     3.800
 2016.96851472    60.884     3.653
 2016.97125257    58.631     3.663
 2016.97399042    59.095     3.663
 2016.97672827    56.524     3.663
 2016.97946612    56.834     3.663
 2016.98220397    54.699     3.653
 2016.98494182    51.499     3.663
 2016.98767967    53.897     3.800
 2016.99041752    52.379     3.663
 2016.99315537    53.662     3.653
 2016.99589322    55.803     3.653
 2016.99863107    55.302     3.653
 2017.00136893    56.221     3.663
 2017.00410678    58.911     3.663
 2017.00684463    62.994     3.653
 2017.00958248    60.950     3.653
 2017.01232033    57.371     3.653
 2017.01505818    58.437     3.653
 2017.01779603    56.189     3.653
 2017.02053388    61.244     3.653
 2017.02327173    60.060     3.653
 2017.02600958    60.045     3.653
 2017.02874743    62.850     3.800
 2017.03148528    62.457     3.653
 2017.03422313    55.612     3.663
 2017.03696099    68.994     3.653
 2017.03969884    62.474     3.653
 2017.04243669    64.273     3.653
 2017.04517454    63.243     3.653
 2017.04791239    61.117     3.800
 2017.05065024    57.517     3.800
 2017.05338809    59.203     3.653
 2017.05612594    52.503     3.716
 2017.05886379    58.677     3.653
 2017.06160164    56.500     3.653
 2017.06433949    61.887     3.653
 2017.06707734    60.903     3.653
 2017.06981520    55.987     3.716
 2017.07255305    60.370     3.653
 2017.07529090    61.403     3.653
 2017.07802875    60.756     3.653
 2017.08076660    61.900     3.653
 2017.08350445    59.604     3.653
 2017.08624230    61.987     3.653
 2017.08898015    67.645     3.653
 2017.09171800    65.296     3.653
 2017.09445585    65.064     3.653
 2017.09719370    61.084     3.653
 2017.09993155    64.277     3.738
 2017.10266940    59.944     3.653
 2017.10540726    60.706     3.716
 2017.10814511    59.410     3.653
 2017.11088296    59.904     3.653
 2017.11362081    60.748     3.653
 2017.11635866    62.092     3.653
 2017.11909651    61.354     3.653
 2017.12183436    62.177     3.653
 2017.12457221    60.586     3.653
 2017.12731006    57.578     3.653
 2017.13004791    57.292     3.653
 2017.13278576    57.304     3.653
 2017.13552361    59.633     3.653
 2017.13826146    60.432     3.653
 2017.14099932    60.828     3.653
 2017.14373717    61.032     3.738
 2017.14647502    61.700     3.738
 2017.14921287    67.463     3.653
 2017.15195072    64.742     3.653
 2017.15468857    59.689     3.653
 2017.15742642    63.451     3.653
 2017.16016427    62.453     3.800
 2017.16290212    63.463     3.653
 2017.16563997    59.463     3.653
 2017.16837782    57.873     3.663
 2017.17111567    58.346     3.653
 2017.17385352    66.463     3.653
 2017.17659138    64.933     3.653
 2017.17932923    64.562     3.747
 2017.18206708    64.745     3.653
 2017.18480493    61.742     3.663
 2017.18754278    56.893     3.716
 2017.19028063    61.678     3.653
 2017.19301848    62.511     3.653
 2017.19575633    66.767     3.653
 2017.19849418    61.182     3.716
 2017.20123203    60.549     3.663
 2017.20396988    57.136     3.747
 2017.20670773    66.165     3.800
 2017.20944559    56.645     3.653
 2017.21218344    63.574     3.653
 2017.21492129    65.260     3.653
 2017.21765914    64.054     3.653
 2017.22039699    58.748     3.663
 2017.22313484    60.621     3.653
 2017.22587269    59.319     3.747
 2017.22861054    60.269     3.800
 2017.23134839    62.486     3.747
 2017.23408624    65.765     3.653
 2017.23682409    60.437     3.653
 2017.23956194    62.100     3.653
 2017.24229979    61.781     3.653
 2017.24503765    53.923     3.663
 2017.24777550    64.987     3.653
 2017.25051335    62.435     3.716
 2017.25325120    58.348     3.653
 2017.25872690    60.654     3.653
 2017.26146475    60.830     3.653
 2017.26420260    58.914     3.653
 2017.26694045    58.573     3.653
 2017.26967830    63.487     3.747
 2017.27241615    64.002     3.653
 2017.27515400    61.906     3.663
 2017.27789185    63.598     3.663
 2017.28062971    61.643     3.663
 2017.28336756    62.092     3.653
 2017.28610541    67.588     3.663
 2017.28884326    61.398     3.653
 2017.29158111    61.547     3.653
 2017.29431896    63.263     3.653
 2017.29705681    58.547     3.653
 2017.29979466    60.566     3.663
 2017.30253251    60.364     3.800
 2017.30527036    55.989     3.663
 2017.30800821    62.103     3.653
 2017.31074606    63.892     3.663
 2017.31348392    58.472     3.663
 2017.31622177    62.259     3.653
 2017.31895962    61.857     3.663
 2017.32169747    65.668     3.800
 2017.32443532    62.051     3.800
 2017.32717317    60.608     3.653
 2017.32991102    61.139     3.653
 2017.33538672    59.716     3.653
 2017.33812457    60.188     3.747
 2017.34086242    63.309     3.663
 2017.34360027    58.332     3.800
 2017.34633812    65.983     3.653
 2017.34907598    65.068     3.663
 2017.35181383    62.701     3.800
 2017.35455168    66.440     3.653
 2017.35728953    64.499     3.653
 2017.36002738    62.407     3.653
 2017.36276523    63.543     3.716
 2017.36550308    63.226     3.800
 2017.36824093    59.540     3.800
 2017.37097878    55.283     3.747
 2017.37371663    57.796     3.663
 2017.37645448    54.438     3.747
 2017.37919233    60.118     3.800
 2017.38193018    61.735     3.800
 2017.38466804    55.568     3.800
 2017.38740589    61.578     3.747
 2017.39014374    56.506     3.800
 2017.39288159    59.377     3.800
 2017.39561944    59.064     3.747
 2017.39835729    57.237     3.791
 2017.40109514    61.661     3.663
 2017.40383299    60.197     3.716
 2017.40657084    59.712     3.937
 2017.40930869    59.614     3.653
 2017.41204654    62.465     3.747
 2017.41478439    57.520     3.738
 2017.41752225    58.846     3.663
 2017.42026010    59.004     3.800
 2017.42299795    62.353     3.800
 2017.42573580    61.893     3.800
 2017.42847365    61.770     3.800
 2017.43121150    64.339     3.747
 2017.43394935    62.226     3.663
 2017.43668720    59.127     3.653
 2017.43942505    55.092     3.738
 2017.44216290    62.075     3.800
 2017.44490075    60.696     3.800
 2017.44763860    61.438     3.653
 2017.45037645    62.434     3.663
 2017.45311431    59.382     3.663
 2017.45585216    62.116     3.800
 2017.45859001    58.930     3.800
 2017.46132786    55.962     3.653
 2017.46406571    59.976     3.653
 2017.46680356    62.726     3.747
 2017.46954141    58.331     3.800
 2017.47227926    62.842     3.663
 2017.47501711    63.514     3.800
 2017.47775496    58.411     3.800
 2017.48049281    61.280     3.800
 2017.48323066    60.309     3.800
 2017.48596851    57.254     3.663
 2017.48870637    69.673     3.800
 2017.49144422    67.134     3.738
 2017.49418207    66.124     3.800
 2017.49691992    71.662     3.747
 2017.49965777    65.240     3.800
 2017.50239562    61.231     3.747
 2017.50513347    56.381     3.747
 2017.50787132    60.155     3.653
 2017.51060917    62.227     3.653
 2017.51334702    61.863     3.800
 2017.51608487    64.384     3.800
 2017.51882272    58.114     3.800
 2017.52156057    63.315     3.663
 2017.52429843    57.818     3.800
 2017.52703628    62.599     3.747
 2017.52977413    62.343     3.800
 2017.53251198    61.070     3.653
 2017.53524983    63.895     3.800
 2017.53798768    62.926     3.653
 2017.54072553    63.458     3.663
 2017.54346338    57.955     3.800
 2017.54620123    65.323     3.800
 2017.54893908    65.203     3.663
 2017.55167693    65.007     3.800
 2017.55441478    60.139     3.663
 2017.55715264    69.700     3.663
 2017.55989049    66.804     3.747
 2017.56262834    59.896     3.800
 2017.56536619    60.529     3.663
 2017.56810404    70.581     3.738
 2017.57084189    61.019     3.969
 2017.57357974    61.923     3.800
 2017.57631759    66.319     3.800
 2017.57905544    66.169     3.747
 2017.58179329    57.042     3.800
 2017.58453114    60.247     3.800
 2017.58726899    65.715     3.800
 2017.59000684    65.128     3.884
 2017.59274470    62.124     3.884
 2017.59548255    62.026     3.800
 2017.59822040    56.902     3.800
 2017.60095825    60.657     3.663
 2017.60369610    62.081     3.747
 2017.60643395    62.243     3.800
 2017.60917180    60.040     3.747
 2017.61190965    58.340     3.884
 2017.61464750    60.648     3.800
 2017.61738535    61.264     3.653
 2017.62012320    63.739     3.800
 2017.62286105    61.115     3.800
 2017.62559890    57.058     3.653
 2017.62833676    61.817     3.800
 2017.63107461    67.973     4.022
 2017.63381246    64.359     3.800
 2017.63655031    58.059     3.800
 2017.63928816    61.395     3.653
 2017.64202601    65.193     3.747
 2017.64476386    62.314     3.663
 2017.64750171    68.840     3.800
 2017.65023956    63.210     3.800
 2017.65297741    61.604     3.747
 2017.65571526    63.216     3.738
 2017.65845311    62.296     3.747
 2017.66119097    60.382     3.800
 2017.66392882    62.689     3.738
 2017.67488022    57.240     3.800
 2017.67761807    60.865     3.653
 2017.68035592    63.599     3.800
 2017.68309377    56.422     3.884
 2017.68583162    63.947     3.800
 2017.68856947    66.424     3.800
 2017.69130732    68.488     3.738
 2017.69404517    65.000     3.800
 2017.69678303    66.753     3.800
 2017.69952088    69.651     3.800
 2017.70225873    68.386     3.800
 2017.70499658    64.777     3.884
 2017.70773443    61.799     3.800
 2017.71047228    63.626     3.653
 2017.71321013    66.682     3.747
 2017.71594798    65.528     3.653
 2017.71868583    60.231     3.653
 2017.72142368    59.206     3.653
 2017.72416153    62.483     3.653
 2017.72689938    65.782     3.747
 2017.72963723    64.245     3.747
 2017.73237509    62.058     3.653
 2017.73511294    59.282     3.747
 2017.73785079    59.731     3.653
 2017.74058864    56.732     3.747
 2017.74332649    63.165     3.747
 2017.74606434    57.848     3.653
 2017.74880219    66.429     3.800
 2017.75154004    65.938     3.800
 2017.75427789    62.441     3.800
 2017.75701574    61.301     3.800
 2017.75975359    58.942     3.937
 2017.76249144    60.825     3.653
 2017.76522930    60.989     3.653
 2017.76796715    64.747     3.747
 2017.77070500    63.656     3.653
 2017.77344285    62.813     3.716
 2017.77618070    63.408     3.747
 2017.77891855    60.720     3.738
 2017.78165640    55.856     3.800
 2017.78439425    61.099     3.800
 2017.78713210    56.542     3.800
 2017.78986995    60.967     3.738
 2017.79260780    56.185     3.653
 2017.79534565    62.074     3.800
 2017.79808350    57.900     3.653
 2017.80082136    63.126     3.800
 2017.80355921    63.233     3.800
 2017.80629706    64.261     3.800
 2017.80903491    62.582     3.800
 2017.81177276    63.167     3.663
 2017.81451061    58.890     3.663
 2017.81724846    56.576     3.653
 2017.81998631    54.061     3.800
 2017.82272416    58.808     3.800
 2017.82546201    59.210     3.800
 2017.82819986    58.649     3.663
 2017.83093771    62.291     3.653
 2017.83367556    63.207     3.663
 2017.83641342    62.597     3.738
 2017.83915127    66.507     3.800
 2017.84188912    63.066     3.653
 2017.84462697    65.768     3.653
 2017.84736482    63.707     3.653
 2017.85010267    60.128     3.653
 2017.85284052    61.576     3.653
 2017.85557837    59.433     3.716
 2017.85831622    65.429     3.800
 2017.86105407    61.716     3.800
 2017.86379192    66.136     3.800
 2017.86652977    66.048     3.706
 2017.86926762    64.012     3.653
 2017.87200548    65.332     3.716
 2017.87474333    62.515     3.800
 2017.87748118    60.716     3.791
 2017.88021903    54.252     3.738
 2017.88295688    62.875     3.653
 2017.88569473    57.402     3.747
 2017.88843258    64.146     3.663
 2017.89117043    65.950     3.653
 2017.89390828    70.197     3.800
 2017.89664613    68.500     3.738
 2017.89938398    57.902     3.663
 2017.90212183    61.500     3.653
 2017.90485969    53.142     3.747
 2017.90759754    57.305     3.653
 2017.91033539    60.071     3.653
 2017.91307324    62.834     3.800
 2017.91581109    61.540     3.800
 2017.91854894    61.120     3.663
 2017.92128679    64.269     3.663
 2017.92402464    63.139     3.663
 2017.92676249    63.854     3.653
 2017.92950034    58.198     3.663
 2017.93223819    61.085     3.747
 2017.93497604    58.338     3.747
 2017.93771389    65.412     3.738
 2017.94045175    66.898     3.653
 2017.94318960    78.487     3.653
 2017.94592745    75.795     3.663
 2017.94866530    81.844     3.800
 2017.95140315    72.714     3.800
 2017.95414100    70.667     3.800
 2017.95687885    71.877     3.653
 2017.95961670    65.677     3.653
 2017.96235455    61.894     3.663
 2017.96509240    59.987     3.653
 2017.96783025    60.246     3.800
 2017.97056810    60.492     3.800
 2017.97330595    59.996     3.663
 2017.97604381    60.081     3.653
 2017.97878166    57.679     3.800
 2017.98151951    64.264     3.663
 2017.98425736    64.496     3.653
 2017.98973306    68.079     3.653
 2017.99247091    67.251     3.653
 2017.99520876    68.860     3.663
 2017.99794661    69.978     3.653
 2018.00068446    68.351     3.738
 2018.00342231    70.424     3.653
 2018.00616016    59.840     3.653
 2018.00889802    68.959     3.663
 2018.01163587    64.046     3.653
 2018.01437372    71.142     3.653
 2018.01711157    65.611     3.653
 2018.01984942    63.664     3.653
 2018.02258727    60.820     3.747
 2018.02532512    62.919     3.653
 2018.02806297    60.805     3.653
 2018.03080082    62.503     3.738
 2018.03353867    60.226     3.653
 2018.03627652    57.533     3.663
 2018.03901437    62.374     3.653
 2018.04175222    67.526     3.716
 2018.04449008    66.310     3.747
 2018.04722793    67.201     3.663
 2018.04996578    70.201     3.653
 2018.05270363    68.038     3.653
 2018.05544148    66.924     3.653
 2018.05817933    64.089     3.653
 2018.06091718    68.498     3.653
 2018.06365503    62.027     3.747
 2018.06639288    61.248     3.800
 2018.06913073    59.987     3.800
 2018.07186858    57.099     3.800
 2018.07460643    58.859     3.800
 2018.07734428    58.329     3.800
 2018.08008214    57.216     3.800
 2018.08281999    58.172     3.747
 2018.08555784    63.136     3.800
 2018.08829569    61.385     3.800
 2018.09103354    65.260     3.800
 2018.09377139    63.541     3.716
 2018.09650924    64.001     3.800
 2018.09924709    64.469     3.800
 2018.10198494    62.069     3.800
 2018.10472279    66.477     3.800
 2018.10746064    65.374     3.800
 2018.11019849    67.474     3.800
 2018.11293634    66.476     3.800
 2018.11567420    70.113     3.800
 2018.11841205    61.397     3.800
 2018.12114990    68.540     3.800
 2018.12388775    65.873     3.800
 2018.12662560    67.982     3.800
 2018.12936345    53.251     3.800
 2018.13210130    64.611     3.800
 2018.13483915    62.021     3.800
 2018.13757700    58.631     3.800
 2018.14031485    64.655     3.747
 2018.14305270    61.185     3.747
 2018.14579055    64.884     3.800
 2018.14852841    65.360     3.884
 2018.15126626    59.779     3.884
 2018.15400411    57.138     3.716
 2018.15674196    59.424     3.800
 2018.15947981    60.290     3.800
 2018.16221766    62.308     3.716
 2018.16495551    69.145     3.800
 2018.16769336    71.515     3.800
 2018.17043121    69.655     3.800
 2018.17316906    76.441     3.800
 2018.17590691    73.860     3.800
 2018.17864476    74.817     3.800
 2018.18138261    72.423     3.800
 2018.18412047    71.721     3.800
 2018.18685832    67.608     3.800
 2018.18959617    67.244     3.800
 2018.19233402    67.462     3.800
 2018.19507187    67.442     3.800
 2018.19780972    65.309     3.800
 2018.20054757    67.901     3.716
 2018.20328542    62.313     3.884
 2018.20602327    67.772     3.800
 2018.20876112    68.329     3.800
 2018.21149897    67.894     3.800
 2018.21423682    68.630     3.716
 2018.21697467    62.300     3.800
 2018.21971253    64.660     3.716
 2018.22245038    63.608     3.716
 2018.22518823    69.273     3.800
 2018.22792608    64.349     3.800
 2018.23066393    65.859     3.706
 2018.23340178    62.457     3.716
 2018.23613963    63.251     3.716
 2018.23887748    64.927     3.663
 2018.24161533    70.849     3.716
 2018.24435318    70.464     3.716
 2018.24709103    66.513     3.716
 2018.24982888    66.425     3.716
 2018.25256674    66.843     3.663
 2018.25530459    66.815     3.716
 2018.25804244    64.427     3.716
 2018.26078029    65.732     3.800
 2018.26351814    64.350     3.800
 2018.26625599    66.544     3.716
 2018.26899384    66.716     3.716
 2018.27173169    67.766     3.716
 2018.27446954    62.849     3.663
 2018.27720739    67.069     3.716
 2018.27994524    66.192     3.800
 2018.28268309    62.543     3.800
 2018.28542094    66.452     3.716
 2018.28815880    66.177     3.663
 2018.29089665    65.909     3.716
 2018.29363450    62.985     3.800
 2018.29637235    59.585     3.716
 2018.29911020    63.315     3.716
 2018.30184805    62.060     3.800
 2018.30458590    65.159     3.716
 2018.30732375    70.189     3.716
 2018.31006160    67.895     3.716
 2018.31279945    65.812     3.716
 2018.31553730    65.615     3.716
 2018.31827515    64.621     3.716
 2018.32101300    65.726     3.800
 2018.32375086    67.056     3.706
 2018.32648871    69.515     3.663
 2018.32922656    67.853     3.716
 2018.33196441    65.285     3.800
 2018.33470226    66.656     3.716
 2018.33744011    63.556     3.800
 2018.34017796    62.396     3.800
 2018.34291581    64.235     3.716
 2018.34565366    66.659     3.716
 2018.34839151    68.127     3.663
 2018.35112936    68.764     3.663
 2018.35386721    66.813     3.716
 2018.35660507    63.042     3.800
 2018.35934292    64.417     3.716
 2018.36208077    64.016     3.663
 2018.36481862    65.029     3.800
 2018.36755647    64.934     3.716
 2018.37029432    66.580     3.800
 2018.37303217    71.172     3.716
 2018.37577002    61.232     3.716
 2018.37850787    65.307     3.800
 2018.38124572    62.976     3.716
 2018.38398357    65.706     3.716
 2018.38672142    67.107     3.663
 2018.38945927    66.215     3.716
 2018.39219713    62.166     3.716
 2018.39493498    64.913     3.663
 2018.39767283    65.142     3.663
 2018.40041068    66.043     3.800
 2018.40314853    61.673     3.800
 2018.40588638    58.182     3.800
 2018.40862423    65.380     3.800
 2018.41136208    62.404     3.800
 2018.41409993    61.608     3.800
 2018.41683778    69.849     3.800
 2018.41957563    71.039     3.716
 2018.42231348    67.978     3.716
 2018.42505133    66.955     3.800
 2018.42778919    68.074     3.663
 2018.43052704    63.102     3.663
 2018.43326489    69.162     3.716
 2018.43600274    68.653     3.663
 2018.43874059    64.025     3.716
 2018.44147844    66.070     3.800
 2018.44421629    61.845     3.800
 2018.44695414    65.156     3.800
 2018.44969199    64.001     3.663
 2018.45242984    67.541     3.800
 2018.45516769    56.079     3.716
 2018.45790554    63.694     3.716
 2018.46064339    64.330     3.800
 2018.46338125    64.489     3.716
 2018.46611910    63.974     3.663
 2018.46885695    63.673     3.800
 2018.47159480    63.027     3.716
 2018.47433265    66.331     3.800
 2018.47707050    62.573     3.716
 2018.47980835    64.720     3.663
 2018.48254620    62.282     3.716
 2018.48528405    62.218     3.716
 2018.48802190    66.290     3.800
 2018.49075975    61.857     3.800
 2018.49349760    71.305     3.663
 2018.49623546    64.841     3.800
 2018.49897331    65.018     3.800
 2018.50171116    65.285     3.716
 2018.50444901    65.886     3.800
 2018.50718686    70.592     3.663
 2018.50992471    63.353     3.663
 2018.51266256    66.413     3.800
 2018.51540041    65.703     3.663
 2018.51813826    69.903     3.800
 2018.52087611    62.875     3.800
 2018.52361396    61.940     3.800
 2018.52635181    64.971     3.800
 2018.52908966    69.559     3.800
 2018.53182752    64.792     3.663
 2018.53456537    60.585     3.663
 2018.53730322    64.412     3.663
 2018.54004107    68.207     3.716
 2018.54277892    72.211     3.800
 2018.54551677    69.311     3.800
 2018.54825462    64.464     3.663
 2018.55099247    67.079     3.663
 2018.55373032    65.955     3.800
 2018.55646817    63.166     3.884
 2018.55920602    65.003     3.800
 2018.56194387    67.673     3.800
 2018.56468172    63.438     3.716
 2018.56741958    67.846     3.663
 2018.57015743    61.922     3.800
 2018.57289528    67.070     3.800
 2018.57563313    67.582     3.884
 2018.57837098    66.569     3.937
 2018.58110883    68.529     3.937
 2018.58384668    68.315     3.800
 2018.58658453    63.942     3.800
 2018.58932238    64.160     3.800
 2018.59206023    66.311     3.716
 2018.59479808    65.818     3.800
 2018.59753593    65.242     3.716
 2018.60027379    69.762     3.800
 2018.60301164    66.731     3.937
 2018.60574949    66.208     3.800
 2018.60848734    62.828     3.800
 2018.61122519    68.879     3.716
 2018.61396304    63.402     3.884
 2018.61670089    71.053     3.800
 2018.61943874    67.817     3.800
 2018.62217659    70.126     3.800
 2018.62491444    61.211     3.800
 2018.62765229    66.653     3.937
 2018.63039014    67.505     3.800
 2018.63312799    71.234     3.800
 2018.63586585    67.192     3.800
 2018.63860370    64.650     3.800
 2018.64134155    68.363     3.937
 2018.64407940    70.087     3.937
 2018.64681725    66.795     3.800
 2018.64955510    68.837     3.800
 2018.65229295    65.996     3.800
 2018.65503080    68.764     3.800
 2018.65776865    67.378     3.716
 2018.66050650    69.490     3.716
 2018.66324435    60.067     3.800
 2018.66598220    66.453     3.716
 2018.66872005    63.097     3.716
 2018.67145791    70.487     3.716
 2018.67419576    71.160     3.800
 2018.67693361    68.703     3.800
 2018.67967146    65.492     3.716
 2018.68240931    71.034     3.800
 2018.68514716    69.592     3.937
 2018.68788501    68.249     3.800
 2018.69062286    66.941     3.800
 2018.69336071    64.973     3.800
 2018.69609856    65.319     3.800
 2018.69883641    65.703     3.800
 2018.70157426    63.899     3.800
 2018.70431211    64.734     3.800
 2018.70704997    63.129     3.716
 2018.70978782    64.063     3.800
 2018.71252567    66.269     3.800
 2018.71526352    71.470     3.800
 2018.71800137    66.204     3.800
 2018.72073922    66.697     3.800
 2018.72347707    63.388     3.800
 2018.72621492    56.697     3.800
 2018.72895277    70.389     3.716
 2018.73169062    62.375     3.716
 2018.73442847    64.198     3.716
 2018.73716632    60.314     3.800
 2018.73990418    57.958     3.800
 2018.74264203    61.009     3.663
 2018.74537988    65.016     3.716
 2018.74811773    60.207     3.800
 2018.75085558    64.228     3.716
 2018.75359343    63.793     3.716
 2018.75633128    61.453     3.716
 2018.75906913    66.188     3.800
 2018.76180698    62.375     3.716
 2018.76454483    69.442     3.716
 2018.76728268    63.143     3.800
 2018.77002053    63.094     3.716
 2018.77275838    64.900     3.716
 2018.77549624    66.504     3.663
 2018.77823409    72.928     3.663
 2018.78097194    65.793     3.800
 2018.78370979    63.642     3.800
 2018.78644764    65.869     3.716
 2018.78918549    71.126     3.716
 2018.79192334    64.777     3.800
 2018.79466119    62.913     3.800
 2018.79739904    65.049     3.716
 2018.80013689    63.361     3.716
 2018.80287474    65.352     3.716
 2018.80561259    68.441     3.800
 2018.80835044    61.828     3.800
 2018.81108830    66.756     3.716
 2018.81382615    64.053     3.800
 2018.81656400    69.483     3.663
 2018.81930185    60.816     3.716
 2018.82203970    66.757     3.716
 2018.82477755    67.869     3.663
 2018.82751540    70.920     3.653
 2018.83025325    67.763     3.716
 2018.83299110    62.926     3.716
 2018.83572895    69.119     3.663
 2018.83846680    66.331     3.937
 2018.84668036    64.228     6.400
 2018.84941821    71.017     3.653
 2018.85215606    67.633     3.663
 2018.85489391    65.316     3.716
 2018.85763176    63.478     3.653
 2018.86036961    68.799     3.716
 2018.86310746    64.589     3.663
 2018.86584531    67.541     3.716
 2018.86858316    66.869     3.716
 2018.87132101    59.260     3.716
 2018.87405886    67.488     3.716
 2018.87679671    64.197     3.663
 2018.87953457    60.632     3.800
 2018.88227242    65.798     3.800
 2018.88501027    65.997     3.800
 2018.88774812    66.805     3.800
 2018.89048597    70.124     3.800
 2018.89322382    70.276     3.716
 2018.89596167    68.930     3.800
 2018.89869952    74.212     3.884
 2018.90143737    71.187     3.800
 2018.90417522    72.232     3.800
 2018.90691307    70.347     3.716
 2018.90965092    69.117     3.716
 2018.91238877    69.136     3.800
 2018.91512663    66.738     3.800
 2018.91786448    67.612     3.800
 2018.92060233    67.956     3.800
 2018.92334018    67.099    10.477
 2018.92607803    63.659    10.330
 2018.92881588    66.476     3.800
 2018.93155373    70.637     3.800
 2018.93429158    69.436     3.884
 2018.93702943    68.159     3.800
 2018.93976728    72.210     3.663
 2018.94250513    68.114     3.716
 2018.94524298    59.025     3.716
 2018.94798084    71.749     3.716
 2018.95071869    67.262     3.716
 2018.95345654    63.529     3.800
 2018.95619439    65.031     3.716
 2018.95893224    72.356     3.716
 2018.96167009    71.286     3.716
 2018.96440794    68.761     3.716
 2018.96714579    65.809     3.716
 2018.96988364    63.855     3.716
 2018.97262149    64.911     3.663
 2018.97535934    72.342     3.663
 2018.97809719    72.374     3.663
 2018.98083504    66.700     3.663
 2018.98357290    64.344     3.716
 2018.98631075    66.237     3.716
 2018.98904860    67.509     3.800
 2018.99178645    64.299     3.800
 2018.99452430    71.374     3.800
 2018.99726215    63.848     3.800
 2019.00000000    64.172     3.800
 2019.00273785    63.863     3.800
 2019.00547570    62.246     3.716
 2019.00821355    61.452     3.663
 2019.01095140    66.139     3.800
 2019.01368925    68.570     3.663
 2019.01642710    62.767     3.716
 2019.01916496    63.954     3.716
 2019.02190281    63.330     3.716
 2019.02464066    61.919     3.663
 2019.02737851    64.383     3.800
 2019.03011636    65.455     3.800
 2019.03285421    70.141     3.800
 2019.03559206    70.856     3.663
 2019.03832991    69.823     3.716
 2019.04106776    77.210     3.716
 2019.04380561    67.158     3.716
 2019.04654346    70.369     3.716
 2019.04928131    63.796     3.716
 2019.05201916    65.171     3.716
 2019.05475702    67.972     3.800
 2019.05749487    65.472     3.800
 2019.06023272    73.128     3.800
 2019.06297057    76.852     3.800
 2019.06570842    72.070     3.800
 2019.06844627    70.241     3.800
 2019.07118412    69.621     3.716
 2019.07392197    76.640     3.716
 2019.07665982    73.478     3.653
 2019.07939767    74.449     3.653
 2019.08213552    73.302     3.663
 2019.08487337    72.220     3.716
 2019.08761123    69.098     3.716
 2019.09034908    69.300     3.663
 2019.09308693    67.530     3.663
 2019.09582478    63.035     3.663
 2019.09856263    57.701     3.663
 2019.10130048    64.486     3.716
 2019.10403833    64.814     3.716
 2019.10677618    66.778     3.716
 2019.10951403    67.697     3.716
 2019.11225188    68.068     3.663
 2019.11498973    65.392     3.800
 2019.11772758    64.978     3.800
 2019.12046543    57.752     3.800
 2019.12320329    60.736     3.800
 2019.12594114    60.584     3.800
 2019.12867899    63.369     3.716
 2019.13141684    64.496     3.716
 2019.13415469    65.163     3.716
 2019.13689254    65.152     3.716
 2019.13963039    65.761     3.716
