 % site name STEG    component: U    
 % Time [Year], Uplift [mm], error [mm]
 2011.56125941     7.463     3.785
 2011.56399726     9.906     3.841
 2011.56673511     3.830     3.759
 2011.56947296     5.201     3.841
 2011.57221081     2.701     3.841
 2011.57768652    -2.834     3.923
 2011.58042437     9.095     3.923
 2011.58316222     6.219     3.785
 2011.58590007     2.210     3.703
 2011.58863792     5.431     3.923
 2011.59137577     5.491     3.841
 2011.59411362     5.590     3.935
 2011.59685147     4.370     3.923
 2011.59958932    10.291     3.841
 2011.60232717     9.049     3.841
 2011.60506502     5.911     3.841
 2011.60780287     7.108     3.785
 2011.61054073    -1.202     3.991
 2011.61327858     4.786     3.991
 2011.61601643     4.385     3.841
 2011.61875428     3.111     3.991
 2011.62696783     6.187     3.785
 2011.62970568     3.029     3.841
 2011.63244353     6.927     3.841
 2011.63518138     8.677     3.841
 2011.63791923     5.959     4.060
 2011.64065708    -0.072     3.979
 2011.64339493     1.080     4.073
 2011.64613279     1.651     3.923
 2011.65160849    11.121     3.991
 2011.65434634     7.446     4.073
 2011.65708419     7.202     3.991
 2011.65982204     9.093     3.991
 2011.66255989    10.560     4.129
 2011.66529774     6.149     3.991
 2011.66803559     7.908     3.979
 2011.67077344     6.363     3.979
 2011.67351129     4.470     3.979
 2011.67624914     3.590     3.979
 2011.67898700     5.508     3.923
 2011.68172485     8.752     3.841
 2011.68446270    12.291     3.991
 2011.68720055    13.603     3.979
 2011.68993840     9.303     3.923
 2011.69267625     7.032     3.979
 2011.69541410     4.434     3.991
 2011.69815195     5.689     3.935
 2011.70088980    16.710     3.991
 2011.70362765    12.138     3.841
 2011.70636550     8.845     3.923
 2011.70910335     3.226     3.841
 2011.71184120     4.049     3.841
 2011.71457906     5.025     3.923
 2011.71731691     3.052     3.923
 2011.72005476    11.715     3.923
 2011.72279261     4.029     3.923
 2011.72553046     4.676     3.923
 2011.73100616     1.044     3.841
 2011.73374401    -2.342     3.785
 2011.73648186     2.263     3.979
 2011.73921971    -6.107     3.979
 2011.74195756    -3.514     3.923
 2011.74469541    -3.540     3.923
 2011.74743326    -2.517     3.991
 2011.75017112    -1.603     3.923
 2011.75290897     2.450     3.991
 2011.75564682     0.853     4.129
 2011.75838467     3.755     4.073
 2011.76112252    11.787     3.979
 2011.76386037     6.147     3.991
 2011.76659822     5.337     3.923
 2011.76933607    -0.298     3.923
 2011.77207392     0.839     3.841
 2011.77481177     6.942     3.841
 2011.77754962     9.930     3.923
 2011.78028747     2.197     3.785
 2011.78302533    -3.820     3.841
 2011.78576318    -9.868     3.785
 2011.78850103    -4.735     3.841
 2011.79123888    -1.151     3.785
 2011.79397673     2.576     3.841
 2011.79671458    10.591     3.923
 2011.79945243     4.418     3.979
 2011.80219028     1.389     3.841
 2011.80492813     0.020     3.841
 2011.80766598    -0.163     3.841
 2011.81040383     2.612     3.841
 2011.81314168    -0.566     3.897
 2011.81587953    -0.454     3.979
 2011.81861739    -2.570     3.841
 2011.82135524    -2.519     3.841
 2011.82409309    -1.883     3.979
 2011.82683094    -3.981     3.841
 2011.82956879     5.082     3.923
 2011.83230664     4.411     3.841
 2011.83504449     4.776     3.841
 2011.83778234     4.426     3.785
 2011.84052019     8.689     3.841
 2011.84325804     7.080     3.841
 2011.84599589    -0.257     3.841
 2011.84873374     0.882     3.785
 2011.85147159    -1.732     3.785
 2011.85420945    -1.364     3.841
 2011.85694730     3.207     3.841
 2011.85968515    -0.893     3.841
 2011.86242300     1.416     3.785
 2011.86516085    -5.027     3.785
 2011.86789870    -0.030     3.923
 2011.87063655    -0.004     3.785
 2011.87337440     2.878     3.785
 2011.87611225     5.673     3.785
 2011.87885010     8.325     3.785
 2011.88158795     7.258     3.841
 2011.88432580     4.948     3.785
 2011.88980151     5.922     3.785
 2011.89253936     3.215     3.785
 2011.89527721     4.478     3.923
 2011.89801506     6.462     3.785
 2011.90075291     5.071     3.841
 2011.90349076    10.750     3.785
 2011.90622861    15.242     3.923
 2011.90896646     6.019     3.841
 2011.91170431    10.690     3.841
 2011.91444216     7.385     3.923
 2011.91718001    11.205     3.923
 2011.91991786     7.818     3.841
 2011.92265572    13.894     3.923
 2011.92539357    12.059     3.991
 2011.92813142    16.519     3.923
 2011.93086927    11.721     3.841
 2011.93360712    10.343     3.923
 2011.93634497     4.948     3.923
 2011.93908282    11.381     3.923
 2011.94182067     7.406     3.923
 2011.94455852     8.096     3.841
 2011.94729637     5.400     3.923
 2011.95003422    14.367     3.923
 2011.95277207    14.306     3.841
 2011.95550992    13.714     3.923
 2011.95824778    12.061     3.841
 2011.96098563     8.421     3.703
 2011.96372348    12.207     3.841
 2011.96646133     8.702     3.703
 2011.96919918     9.459     3.841
 2011.97193703     1.840     3.759
 2011.97467488     0.014     3.785
 2011.97741273     5.474     3.785
 2011.98015058     2.706     3.841
 2011.98288843     9.164     3.785
 2011.98562628    10.046     3.841
 2011.98836413     1.232     3.841
 2011.99110198     4.218     3.841
 2011.99383984     9.887     3.841
 2011.99657769     4.683     3.703
 2011.99931554     4.636     3.841
 2012.00205339     4.369     3.841
 2012.00479124     7.359     3.785
 2012.00752909     7.172     3.841
 2012.01026694    14.967     3.841
 2012.01300479    13.227     3.841
 2012.01574264     2.467     3.841
 2012.01848049     7.580     3.841
 2012.02121834     1.121     3.841
 2012.02395619     0.574     3.841
 2012.02669405     0.705     3.785
 2012.02943190     6.988     3.785
 2012.03216975     8.239     3.841
 2012.03490760     2.895     3.841
 2012.03764545    -1.769     3.785
 2012.04038330    -0.784     3.841
 2012.04312115     2.484     3.785
 2012.04585900    -1.219     3.841
 2012.04859685    -1.202     3.785
 2012.05133470     1.942     3.785
 2012.05407255     3.268     3.785
 2012.05681040     4.334     3.785
 2012.05954825     3.461     3.841
 2012.06228611     5.460     3.841
 2012.06502396     0.023     3.841
 2012.06776181     1.151     3.785
 2012.07049966     2.662     3.841
 2012.07323751    -1.105     3.841
 2012.07597536    -5.058     3.841
 2012.07871321    -3.263     3.841
 2012.08145106    -0.931     3.841
 2012.08418891    -0.172     3.841
 2012.08692676    -2.152     3.841
 2012.08966461    -1.128     3.979
 2012.09240246    -3.530     3.897
 2012.09514031    -5.123     3.979
 2012.09787817     0.549     3.841
 2012.10061602     5.099     3.841
 2012.10335387    -1.799     3.991
 2012.10609172     1.148     3.841
 2012.10882957    -3.249     4.499
 2012.11156742     3.517     3.979
 2012.11430527     2.383     3.979
 2012.11704312     5.889     3.979
 2012.11978097    12.669     3.979
 2012.12251882    13.871     3.923
 2012.12525667    13.577     3.979
 2012.12799452    13.805     3.979
 2012.13073238    15.963     3.979
 2012.13347023     8.132     3.979
 2012.13620808    10.059     3.979
 2012.13894593     5.423     3.979
 2012.14168378     9.975     3.979
 2012.14442163    11.905     4.129
 2012.14715948    14.638     3.991
 2012.14989733     9.221     3.979
 2012.15263518    12.444     3.897
 2012.15537303     2.858     3.841
 2012.15811088     5.812     3.923
 2012.16084873    11.098     3.923
 2012.16358658     3.997     3.979
 2012.16632444     4.357     3.979
 2012.16906229     2.124     3.979
 2012.17180014     3.794     3.979
 2012.17453799     2.881     3.979
 2012.17727584     1.594     3.923
 2012.18001369     0.182     3.841
 2012.18275154     7.884     3.979
 2012.18548939     3.408     3.979
 2012.18822724     8.137     3.979
 2012.19096509     8.515     3.841
 2012.19370294     3.291     3.979
 2012.19644079     5.991     3.841
 2012.19917864     3.541     3.979
 2012.20191650     4.183     3.979
 2012.20465435     4.027     3.897
 2012.20739220     5.209     3.841
 2012.21013005     4.505     3.979
 2012.21286790     6.466     3.897
 2012.21560575     5.762     3.841
 2012.21834360     2.420     3.841
 2012.22108145    -2.208     3.923
 2012.22381930     1.566     3.841
 2012.22655715    -0.135     3.979
 2012.22929500     2.991     3.841
 2012.23203285    -0.776     3.841
 2012.23477070     0.088     3.841
 2012.23750856    -0.798     3.841
 2012.24024641     8.176     3.785
 2012.24298426     9.224     3.703
 2012.24572211     7.327     3.785
 2012.24845996     6.980     3.785
 2012.25119781    12.893     3.785
 2012.25393566     3.200     3.703
 2012.25667351     5.768     3.841
 2012.25941136     1.806     3.703
 2012.26214921     5.074     3.785
 2012.26488706     8.461     3.785
 2012.26762491     7.777     3.703
 2012.27036277     4.881     3.703
 2012.27310062     8.807     3.785
 2012.27583847     8.600     3.703
 2012.27857632    11.029     3.785
 2012.28131417     6.348     3.785
 2012.28405202     9.925     3.703
 2012.28678987     5.875     3.703
 2012.28952772     4.077     3.703
 2012.29226557     8.594     3.703
 2012.29500342    11.220     3.703
 2012.29774127    14.957     3.647
 2012.30047912    10.412     3.647
 2012.30321697    11.459     3.703
 2012.30595483     8.261     3.703
 2012.30869268     7.873     3.841
 2012.31143053     5.557     3.703
 2012.31416838     7.834     3.785
 2012.31690623     8.488     3.703
 2012.31964408     8.548     3.703
 2012.32238193     8.957     3.841
 2012.32511978     5.616     3.841
 2012.32785763     8.086     3.841
 2012.33059548     2.928     3.785
 2012.33333333     6.663     3.923
 2012.33607118    11.876     3.841
 2012.33880903    11.689     3.703
 2012.34154689    11.301     3.841
 2012.34428474    11.699     3.785
 2012.34702259     7.312     3.785
 2012.34976044     6.079     3.785
 2012.35249829     7.135     3.703
 2012.35523614     8.264     3.785
 2012.35797399     3.030     3.841
 2012.36071184     8.917     3.703
 2012.36344969     5.920     3.703
 2012.36618754     3.254     3.703
 2012.36892539     7.991     3.703
 2012.37166324     8.451     3.703
 2012.37440110     3.789     3.703
 2012.37713895     9.318     3.703
 2012.37987680     5.709     3.841
 2012.38261465     5.204     3.979
 2012.38535250     7.237     3.841
 2012.38809035    13.118     3.979
 2012.39082820     8.332     3.841
 2012.39356605     9.082     3.841
 2012.39630390     4.042     3.841
 2012.39904175     3.320     3.841
 2012.40177960     5.020     3.841
 2012.40451745     9.923     3.841
 2012.40725530    14.147     3.703
 2012.40999316    12.837     3.841
 2012.41273101     6.621     3.785
 2012.41546886    10.372     3.703
 2012.41820671    12.412     3.703
 2012.42094456    12.961     3.841
 2012.42368241    10.960     3.703
 2012.42642026    10.244     3.703
 2012.42915811     4.276     3.703
 2012.43189596     6.817     3.703
 2012.43463381     6.384     3.647
 2012.43737166    12.858     3.785
 2012.44010951     9.907     3.703
 2012.44284736    11.736     3.647
 2012.44558522     9.007     3.647
 2012.44832307     7.986     3.703
 2012.45106092     8.170     3.647
 2012.45379877     6.377     3.647
 2012.45653662     6.510     3.565
 2012.45927447    10.639     3.703
 2012.46201232     7.228     3.703
 2012.46475017     9.959     3.703
 2012.46748802     4.474     3.703
 2012.47022587     2.160     3.647
 2012.47296372     6.937     3.703
 2012.47570157     6.980     3.703
 2012.47843943    11.082     3.647
 2012.48117728     6.376     3.647
 2012.48391513    14.424     3.703
 2012.48665298     7.675     3.703
 2012.48939083     6.027     3.785
 2012.49212868     7.035     3.841
 2012.49486653     7.976     3.979
 2012.49760438     9.259     3.841
 2012.50034223    12.194     3.841
 2012.50308008     4.023     3.841
 2012.50581793    12.656     3.841
 2012.50855578     6.999     3.759
 2012.51129363     2.280     3.841
 2012.51403149     9.375     3.841
 2012.51676934    14.806     3.841
 2012.51950719     8.640     3.841
 2012.52224504    14.874     3.703
 2012.52498289    12.137     3.703
 2012.52772074    14.178     3.703
 2012.53045859    13.192     3.785
 2012.53319644    17.885     3.703
 2012.53593429    14.528     3.785
 2012.53867214    13.513     3.703
 2012.54140999     6.704     3.785
 2012.54414784    14.586     3.703
 2012.54688569    12.193     3.647
 2012.54962355     8.415     3.785
 2012.55236140     9.121     3.703
 2012.55509925     9.083     3.703
 2012.55783710     2.816     3.703
 2012.56057495     4.840     3.703
 2012.56331280     6.274     3.703
 2012.56605065    11.206     3.785
 2012.56878850    -0.985     4.581
 2012.57152635     6.467     3.703
 2012.57426420    10.049     3.841
 2012.57700205    10.107     3.703
 2012.57973990    10.696     3.703
 2012.58247775    12.779     3.703
 2012.58521561     5.632     3.703
 2012.58795346     1.418     3.785
 2012.59069131     2.186     3.841
 2012.59342916    10.933     3.841
 2012.59616701    14.698     3.841
 2012.59890486    12.339     3.759
 2012.60164271    13.514     3.923
 2012.60438056     8.516     3.841
 2012.60711841     4.793     3.841
 2012.60985626     2.986     3.841
 2012.61259411     2.993     3.759
 2012.61533196     7.699     3.703
 2012.61806982     4.737     3.703
 2012.62354552     7.210     3.841
 2012.62628337     8.748     3.703
 2012.62902122     5.866     3.703
 2012.63175907     9.601     3.703
 2012.63449692     5.977     3.841
 2012.63723477     4.216     3.841
 2012.63997262     7.232     3.785
 2012.64271047    12.011     3.785
 2012.64544832    21.702     3.841
 2012.64818617    12.237     3.703
 2012.65092402     8.534     3.785
 2012.65366188     8.401     3.785
 2012.65639973    12.596     3.703
 2012.65913758     8.113     3.785
 2012.66187543     5.352     3.785
 2012.66461328     8.262     3.785
 2012.66735113     3.559     3.703
 2012.67008898     3.142     3.703
 2012.67282683     5.656     3.785
 2012.67556468     6.193     3.703
 2012.67830253     6.859     3.785
 2012.68104038     8.891     3.703
 2012.68377823     7.475     3.703
 2012.68651608     9.123     3.785
 2012.68925394     4.621     3.785
 2012.69199179     3.856     3.703
 2012.69472964     3.507     3.841
 2012.69746749     3.551     3.935
 2012.70020534     8.777     4.073
 2012.70568104    15.014     4.305
 2012.70841889    12.278     3.703
 2012.71115674     9.510     3.785
 2012.71389459     7.698     3.785
 2012.71663244    10.450     3.785
 2012.71937029     3.792     3.703
 2012.72210815     3.974     3.703
 2012.72484600     2.376     3.703
 2012.72758385     0.799     3.647
 2012.73032170     4.998     3.703
 2012.73305955     5.256     3.785
 2012.73579740     9.225     3.703
 2012.73853525     6.603     3.785
 2012.74127310     6.619     3.785
 2012.74401095     9.340     3.785
 2012.74674880     3.435     3.703
 2012.74948665     6.517     3.703
 2012.75222450     8.547     3.785
 2012.75496235     6.126     3.785
 2012.75770021     2.625     3.647
 2012.76043806     6.675     3.703
 2012.76317591     6.658     3.703
 2012.76591376     6.623     3.703
 2012.76865161     1.793     3.785
 2012.77138946     4.288     3.785
 2012.77412731     5.116     3.785
 2012.77686516     3.294     3.785
 2012.77960301     2.244     3.647
 2012.78234086     0.870     3.647
 2012.78507871     2.950     3.647
 2012.78781656     4.301     3.647
 2012.79055441     7.082     3.785
 2012.79329227     8.621     3.785
 2012.79603012     2.668     3.785
 2012.79876797     3.269     3.841
 2012.80150582     4.983     3.841
 2012.80424367     2.255     3.979
 2012.80698152     0.180     3.841
 2012.80971937    -0.629     3.923
 2012.81245722    -2.793     3.979
 2012.81519507     1.826     3.841
 2012.81793292    11.176     3.923
 2012.82067077     9.536     3.979
 2012.82340862     7.411     3.979
 2012.82614648     7.154     3.841
 2012.82888433    12.335     3.841
 2012.83162218     7.212     3.841
 2012.83436003    12.985     3.841
 2012.83709788    11.684     3.923
 2012.83983573     7.864     3.841
 2012.84257358     9.147     3.841
 2012.84531143    10.962     3.841
 2012.84804928     0.662     3.841
 2012.85078713     5.929     3.979
 2012.85352498    10.034     3.923
 2012.85626283    10.222     3.923
 2012.85900068     6.475     3.841
 2012.86173854     6.107     3.923
 2012.86447639     4.366     3.923
 2012.86721424     7.184     3.785
 2012.86995209     2.573     3.979
 2012.87268994     5.758     3.841
 2012.87542779     8.033     3.841
 2012.87816564     2.484     3.923
 2012.88090349    12.504     3.841
 2012.88364134     6.856     3.841
 2012.88637919     7.870     3.841
 2012.88911704     7.681     3.841
 2012.89185489     3.352     3.841
 2012.89459274     7.535     3.841
 2012.89733060    11.080     3.785
 2012.90006845     7.606     3.841
 2012.90280630     6.669     3.841
 2012.90554415    12.923     3.841
 2012.90828200     7.238     3.841
 2012.91101985     7.570     3.841
 2012.91375770     7.752     3.841
 2012.91649555    12.307     3.841
 2012.91923340     8.215     3.841
 2012.92197125     8.607     3.841
 2012.92470910    15.276     3.841
 2012.92744695    16.525     3.841
 2012.93018480    14.325     3.841
 2012.93292266     7.221     3.923
 2012.93566051    12.387     3.841
 2012.93839836     6.293     3.841
 2012.94113621     8.501     3.841
 2012.94387406     3.192     3.841
 2012.94661191     1.892     3.703
 2012.94934976     4.581     3.841
 2012.95208761     5.331     3.841
 2012.95482546    12.519     3.841
 2012.95756331     7.554     3.979
 2012.96030116     9.233     3.841
 2012.96303901     7.645     3.841
 2012.96577687    -1.013     3.897
 2012.96851472     1.956     3.841
 2012.97125257     5.302     3.979
 2012.97399042     6.043     3.923
 2012.97672827     6.835     3.841
 2012.98220397    15.534     3.841
 2012.98494182    14.599     3.841
 2012.98767967    12.602     3.841
 2012.99041752    12.434     3.841
 2012.99315537     7.851     3.841
 2012.99589322    13.448     3.923
 2012.99863107     6.481     3.841
 2013.00410678     9.387     3.841
 2013.00684463     5.310     3.841
 2013.00958248     7.544     3.841
 2013.01232033     4.712     3.841
 2013.01505818     2.098     3.923
 2013.01779603     1.684     3.841
 2013.02053388     0.516     3.841
 2013.02327173     2.913     3.841
 2013.02600958    -0.581     3.841
 2013.02874743     3.781     3.979
 2013.03148528     2.323     3.841
 2013.03422313     1.416     3.897
 2013.03696099     0.887     3.897
 2013.03969884     2.425     3.979
 2013.04243669     8.803     3.703
 2013.04517454     6.118     3.785
 2013.04791239     4.833     3.785
 2013.05065024     2.607     3.841
 2013.05338809     4.522     3.703
 2013.05612594    10.214     3.703
 2013.05886379     3.274     3.703
 2013.06160164     9.951     3.703
 2013.06433949    10.703     3.841
 2013.06707734     7.176     3.841
 2013.06981520     8.257     3.841
 2013.07255305    12.348     3.841
 2013.07529090    13.745     3.841
 2013.07802875     9.352     3.841
 2013.08076660    12.570     3.897
 2013.08350445     7.325     3.841
 2013.08624230    12.240     3.841
 2013.08898015     7.179     3.841
 2013.09171800     6.683     3.841
 2013.09445585     4.931     3.785
 2013.09719370     7.780     3.841
 2013.09993155     7.378     3.979
 2013.10266940     8.477     4.047
 2013.10540726     5.352     3.923
 2013.10814511    -0.019     3.897
 2013.11088296    -5.030     3.841
 2013.11362081     1.447     3.897
 2013.11635866     5.280     3.841
 2013.11909651     1.441     3.841
 2013.12183436     0.879     3.923
 2013.12457221     2.774     3.841
 2013.12731006     2.388     3.841
 2013.13004791    -2.370     3.841
 2013.13278576     2.584     3.841
 2013.13552361     1.693     3.841
 2013.13826146    -4.852     3.841
 2013.14099932    -3.412     3.979
 2013.14373717    -3.548     3.979
 2013.14647502    -2.916     4.073
 2013.14921287     2.634     4.073
 2013.15195072     1.033     3.897
 2013.15468857    -2.177     3.841
 2013.15742642    -0.777     3.841
 2013.16016427     3.049     3.979
 2013.16290212     6.900     3.979
 2013.16563997     7.150     3.979
 2013.16837782     5.481     3.979
 2013.17111567     7.872     3.979
 2013.17385352     7.689     3.897
 2013.17659138     6.480     3.841
 2013.17932923     9.330     3.979
 2013.18206708     9.349     3.979
 2013.18480493     5.823     3.923
 2013.18754278     7.778     3.841
 2013.19028063     4.059     3.897
 2013.19301848     8.935     3.841
 2013.19575633    14.500     3.841
 2013.19849418    11.406     3.923
 2013.20123203     9.134     3.841
 2013.20396988     8.772     3.897
 2013.20670773     6.541     3.841
 2013.20944559    10.956     3.841
 2013.21218344     8.839     3.841
 2013.21492129     6.292     3.785
 2013.21765914     6.336     3.841
 2013.22039699     3.310     3.841
 2013.22313484     2.462     3.841
 2013.22587269     4.085     3.841
 2013.22861054     3.447     3.841
 2013.23134839     4.333     3.841
 2013.23408624     6.087     3.841
 2013.23682409    11.248     3.841
 2013.23956194     9.468     3.979
 2013.24229979    11.289     3.979
 2013.24503765     8.219     3.979
 2013.24777550     5.094     3.979
 2013.25051335    10.187     3.979
 2013.25325120     3.896     3.979
 2013.25598905     4.953     3.979
 2013.25872690     6.285     4.047
 2013.26146475     4.003     3.979
 2013.26420260     2.585     3.979
 2013.26694045     7.342     3.979
 2013.26967830    10.011     3.979
 2013.27241615     5.992     3.979
 2013.27515400     9.008     3.979
 2013.27789185     5.044     3.979
 2013.28062971     8.514     4.117
 2013.28336756     4.010     3.979
 2013.28610541     5.614     3.979
 2013.28884326     3.362     4.060
 2013.29158111     4.634     3.979
 2013.29431896     5.754     3.979
 2013.29705681     5.628     3.979
 2013.29979466     4.910     3.979
 2013.30253251     4.211     3.979
 2013.30527036     4.874     3.979
 2013.30800821     6.388     3.979
 2013.31074606     8.808     3.979
 2013.31348392     5.318     3.923
 2013.31622177     5.288     3.841
 2013.31895962     3.576     3.841
 2013.32169747     8.989     3.841
 2013.32443532     7.953     3.785
 2013.32717317     7.273     3.785
 2013.32991102     7.219     3.785
 2013.33264887     1.976     3.841
 2013.33812457     7.218     3.841
 2013.34086242     7.217     3.785
 2013.34360027     1.812     3.785
 2013.34633812     2.148     3.841
 2013.34907598     5.719     3.841
 2013.35181383     8.729     3.841
 2013.35455168     3.573     3.923
 2013.35728953     6.220     3.935
 2013.36002738     9.273     3.785
 2013.36276523     9.470     3.841
 2013.36550308    11.047     3.897
 2013.36824093    11.615     3.897
 2013.37097878    11.031     3.897
 2013.37371663    11.911     3.841
 2013.37645448    13.240     3.841
 2013.37919233    13.765     3.841
 2013.38193018     7.562     3.841
 2013.38466804     7.079     3.935
 2013.38740589     7.672     3.841
 2013.39014374    14.520     3.785
 2013.39288159    11.605     3.785
 2013.39561944    10.008     3.841
 2013.39835729     5.382     3.841
 2013.40109514     7.695     3.841
 2013.40383299     9.299     3.785
 2013.40657084     4.556     3.841
 2013.40930869     6.330     3.841
 2013.41204654    13.358     3.841
 2013.41478439     4.079     3.979
 2013.41752225     5.845     3.979
 2013.42026010     1.724     3.841
 2013.42299795     2.502     3.841
 2013.42573580     5.697     3.979
 2013.42847365     3.947     3.841
 2013.43121150     3.638     3.979
 2013.43394935     7.290     3.841
 2013.43668720     5.680     3.841
 2013.43942505    12.231     3.841
 2013.44216290    10.561     3.841
 2013.44490075     7.271     3.841
 2013.44763860     6.752     3.853
 2013.45037645     6.215     3.841
 2013.45311431     8.299     3.785
 2013.45585216     6.111     3.785
 2013.45859001    14.047     3.841
 2013.46132786     8.577     3.703
 2013.46406571    11.367     3.703
 2013.46680356     8.119     3.785
 2013.46954141    15.267     3.841
 2013.47227926     8.809     3.841
 2013.47501711    16.168     3.841
 2013.47775496    10.476     3.841
 2013.48049281     7.527     3.785
 2013.48323066     7.222     3.703
 2013.48596851     3.704     3.703
 2013.48870637    -1.290     3.785
 2013.49144422    -1.143     3.785
 2013.49418207     6.913     3.841
 2013.49691992     5.996     3.785
 2013.49965777     8.811     3.841
 2013.50239562     6.607     3.703
 2013.50513347     5.747     3.703
 2013.50787132     3.195     3.703
 2013.51060917    -1.168     3.841
 2013.51334702     0.069     3.841
 2013.51608487     1.445     3.841
 2013.51882272     2.278     3.841
 2013.52156057     4.821     3.841
 2013.52429843     6.856     3.841
 2013.52703628     8.914     3.841
 2013.52977413    12.990     3.841
 2013.53251198    10.006     3.841
 2013.53524983     7.270     3.841
 2013.53798768     7.555     3.841
 2013.54072553     6.100     3.841
 2013.54346338     6.218     3.841
 2013.54620123     5.225     3.841
 2013.54893908     2.164     3.841
 2013.55167693     6.979     3.785
 2013.55441478     2.725     3.785
 2013.55715264     4.689     3.841
 2013.55989049     1.067     3.785
 2013.56262834     8.916     3.841
 2013.56536619     8.741     3.923
 2013.56810404     7.673     3.841
 2013.57084189    10.345     3.841
 2013.57357974    11.085     3.935
 2013.57631759    10.947     3.785
 2013.57905544    11.740     3.841
 2013.58179329     4.857     3.841
 2013.58453114    10.304     3.841
 2013.58726899     8.698     3.785
 2013.59000684     7.869     3.923
 2013.59274470     6.911     3.785
 2013.59548255     9.238     3.703
 2013.59822040     8.101     3.923
 2013.60095825     9.987     3.785
 2013.60369610     5.751     3.785
 2013.60643395     9.907     3.841
 2013.60917180     5.371     3.841
 2013.61190965    11.868     3.991
 2013.61464750     6.414     3.979
 2013.61738535     6.527     4.073
 2013.62012320     8.644     3.979
 2013.62559890    10.660     3.979
 2013.62833676     8.202     3.935
 2013.63107461     8.692     4.073
 2013.63381246     9.081     3.979
 2013.63655031     7.272     3.979
 2013.63928816     1.954     3.841
 2013.64202601     8.001     3.841
 2013.64476386     8.539     3.841
 2013.64750171     7.111     3.841
 2013.65023956     5.012     3.841
 2013.65297741    11.058     3.841
 2013.65571526    13.461     3.841
 2013.65845311    10.032     3.841
 2013.66119097     8.538     3.991
 2013.66392882    17.152     3.841
 2013.66666667    11.337     3.841
 2013.66940452    12.290     3.841
 2013.67214237     6.500     3.841
 2013.67488022     1.618     3.923
 2013.67761807     2.228     3.935
 2013.68035592     5.950     3.841
 2013.68309377     5.549     3.841
 2013.68583162     7.821     3.841
 2013.68856947     3.757     3.841
 2013.69130732     8.976     3.841
 2013.69404517     6.880     3.841
 2013.69678303     5.048     3.785
 2013.69952088     1.507     3.841
 2013.70225873     1.855     3.785
 2013.70499658     6.091     3.923
 2013.70773443     9.333     3.841
 2013.71047228    13.102     3.841
 2013.71321013    10.149     3.841
 2013.71594798     9.714     3.785
 2013.71868583     7.524     3.785
 2013.72142368     6.606     3.785
 2013.72416153     5.032     3.703
 2013.72689938     8.019     3.841
 2013.72963723     3.297     3.841
 2013.73237509    -1.268     3.841
 2013.73511294     1.803     3.785
 2013.73785079     5.253     3.703
 2013.74058864     8.520     3.841
 2013.74332649    -0.837     3.785
 2013.74606434     0.984     3.923
 2013.74880219     6.174     3.785
 2013.75154004     5.753     3.785
 2013.75427789     7.450     3.785
 2013.75701574     9.537     3.703
 2013.75975359     6.621     3.935
 2013.76249144     8.576     3.841
 2013.76522930     6.051     3.785
 2013.76796715     9.242     3.703
 2013.77070500     5.474     3.785
 2013.77344285     9.901     3.841
 2013.77618070    11.906     3.785
 2013.77891855     6.249     3.785
 2013.78165640     3.654     3.785
 2013.78439425     8.808     3.785
 2013.78713210     2.923     3.841
 2013.78986995    13.892     3.785
 2013.79260780     9.341     3.785
 2013.79534565     8.437     3.841
 2013.79808350     9.472     3.785
 2013.80082136    11.333     3.785
 2013.80355921     8.459     3.841
 2013.80629706     4.628     3.923
 2013.80903491    15.218     3.785
 2013.81177276    15.201     3.841
 2013.81451061     8.923     3.841
 2013.81724846     8.271     3.979
 2013.81998631    10.754     3.979
 2013.82272416    12.502     3.979
 2013.82546201    18.972     3.979
 2013.82819986    14.421     4.073
 2013.83093771     9.806     3.923
 2013.83367556     7.130     3.979
 2013.83641342     6.900     3.979
 2013.83915127     6.577     4.129
 2013.84188912    17.448     3.991
 2013.84462697    13.164     3.991
 2013.84736482    16.974     4.129
 2013.85010267     9.865     3.841
 2013.85284052    13.125     3.979
 2013.85557837     7.859     3.923
 2013.85831622    10.887     3.979
 2013.86105407     7.070     3.897
 2013.86379192     4.424     3.841
 2013.86652977     2.838     3.979
 2013.86926762     2.649     3.841
 2013.87200548     4.103     3.841
 2013.87474333     3.729     3.979
 2013.87748118     6.389     3.841
 2013.88021903     3.135     3.841
 2013.88295688     3.445     3.979
 2013.88569473     9.887     4.060
 2013.88843258    10.050     3.923
 2013.89117043     7.736     3.841
 2013.89390828     7.147     3.841
 2013.89664613    10.706     3.841
 2013.89938398     5.399     3.923
 2013.90212183     1.685     3.979
 2013.90485969     3.938     3.923
 2013.90759754     6.773     3.841
 2013.91033539     7.702     3.923
 2013.91307324     4.234     3.979
 2013.91581109     9.741     3.841
 2013.91854894    12.052     3.841
 2013.92128679     2.123     3.979
 2013.92402464    10.132     3.979
 2013.92676249    10.644     3.923
 2013.92950034    12.538     3.979
 2013.93223819     7.788     3.979
 2013.93497604     2.555     3.841
 2013.93771389     1.536     3.841
 2013.94045175    -2.905     3.841
 2013.94318960    -3.062     3.841
 2013.94592745    -2.114     3.979
 2013.94866530     4.311     3.979
 2013.95140315     1.867     3.979
 2013.95414100    -0.360     3.979
 2013.95687885     2.955     3.923
 2013.95961670     2.327     3.979
 2013.96235455     0.567     3.923
 2013.96509240     1.521     3.841
 2013.96783025     8.367     3.923
 2013.97056810     0.859     3.979
 2013.97330595     2.711     3.923
 2013.97604381     6.381     3.923
 2013.97878166    10.173     3.923
 2013.98151951    14.898     3.979
 2013.98425736    16.661     3.923
 2013.98699521     3.046     3.979
 2013.98973306     7.257     3.841
 2013.99247091     8.524     3.923
 2013.99520876     3.452     3.979
 2013.99794661    -0.020     3.979
 2014.00068446     0.322     3.979
 2014.00342231     2.580     3.979
 2014.00616016     6.177     3.841
 2014.00889802     6.094     3.979
 2014.01163587     8.265     3.979
 2014.01437372     9.250     3.979
 2014.01711157     6.374     3.991
 2014.01984942     6.042     3.923
 2014.02258727     3.199     3.979
 2014.02532512     5.628     4.073
 2014.02806297    11.463     4.060
 2014.03353867     2.596     3.979
 2014.03627652     0.733     3.841
 2014.03901437     1.118     3.897
 2014.04175222     6.488     3.979
 2014.04449008     1.374     3.979
 2014.04722793     0.294     3.979
 2014.04996578     1.425     3.979
 2014.05270363     8.779     3.979
 2014.05544148     8.869     3.923
 2014.05817933     6.721     3.841
 2014.06091718     2.642     3.841
 2014.06365503     9.537     3.979
 2014.06639288     1.902     3.979
 2014.06913073    10.502     3.979
 2014.07186858    12.168     3.979
 2014.07460643    14.492     3.841
 2014.07734428    12.212     3.841
 2014.08008214    10.645     3.841
 2014.08281999     5.297     3.841
 2014.08555784    10.776     3.785
 2014.08829569    21.561     3.841
 2014.09103354    12.091     4.073
 2014.09377139     9.586     4.060
 2014.09650924    13.478     3.979
 2014.09924709    20.181     3.923
 2014.10198494    20.914     3.897
 2014.10472279    17.815     4.047
 2014.10746064    15.875     3.923
 2014.11019849    14.110     3.979
 2014.11293634    16.997     3.991
 2014.11567420    11.857     3.841
 2014.11841205    15.644     3.923
 2014.12114990    17.176     3.979
 2014.12388775     8.869     3.991
 2014.12662560    14.155     3.979
 2014.12936345    17.244     3.979
 2014.13210130    18.101     3.979
 2014.13483915     8.767     4.073
 2014.13757700    10.192     3.979
 2014.14031485    10.520     3.841
 2014.14305270     6.437     3.841
 2014.14579055     7.335     3.923
 2014.14852841    10.890     3.923
 2014.15126626    12.332     3.979
 2014.15400411     7.576     3.979
 2014.15674196     2.965     4.073
 2014.15947981     5.194     3.991
 2014.16221766    12.748     4.073
 2014.16495551     6.388     3.979
 2014.16769336    10.443     3.923
 2014.17043121    14.100     3.979
 2014.17316906    16.512     3.991
 2014.17590691     4.785     3.991
 2014.17864476     5.210     3.979
 2014.18138261    11.629     4.211
 2014.18412047     5.514     3.991
 2014.18685832     3.518     3.979
 2014.18959617     5.775     3.923
 2014.19233402     3.400     3.979
 2014.19507187     4.098     3.979
 2014.19780972     1.826     3.979
 2014.20054757    11.105     3.979
 2014.20328542    13.379     3.979
 2014.20602327    12.110     3.979
 2014.20876112     9.018     3.979
 2014.21149897     7.951     3.979
 2014.21423682     5.966     3.979
 2014.21697467     6.701     4.060
 2014.21971253     6.107     3.979
 2014.22245038     4.186     3.979
 2014.22518823     5.695     3.923
 2014.22792608     2.554     3.923
 2014.23066393     4.458     3.923
 2014.23340178    -1.934     3.923
 2014.23613963     2.424     3.923
 2014.23887748     5.611     3.923
 2014.24161533     5.080     3.991
 2014.24435318     1.459     3.923
 2014.24709103     4.125     3.841
 2014.24982888     4.666     4.073
 2014.25256674     2.804     4.073
 2014.25530459    10.342     3.841
 2014.25804244     2.518     3.841
 2014.26078029     5.642     3.841
 2014.26351814     3.954     3.841
 2014.26625599    10.485     3.785
 2014.26899384     8.570     3.785
 2014.27173169     3.653     3.841
 2014.27446954     0.867     3.923
 2014.27720739     6.811     3.866
 2014.27994524     4.189     3.841
 2014.28268309     7.740     3.785
 2014.28542094    10.642     3.841
 2014.28815880     3.268     3.935
 2014.29089665     3.762     3.935
 2014.29363450     0.767     3.841
 2014.29637235     5.841     3.841
 2014.29911020     4.307     3.841
 2014.30184805     6.937     3.841
 2014.30458590    10.369     3.923
 2014.30732375     3.174     3.841
 2014.31006160     2.518     3.923
 2014.31279945    -2.480     3.979
 2014.31553730     6.509     3.923
 2014.31827515     9.248     3.923
 2014.32101300     7.770     3.841
 2014.32375086     9.050     3.935
 2014.32648871     9.875     3.923
 2014.32922656    17.225     3.923
 2014.33196441     7.815     3.785
 2014.34565366     3.112     3.785
 2014.34839151     2.552     3.841
 2014.35112936     9.191     3.785
 2014.35386721     9.707     3.923
 2014.35660507    10.575     3.785
 2014.35934292     9.762     3.785
 2014.36208077     8.292     3.785
 2014.36481862     7.954     3.785
 2014.36755647    -0.348     3.785
 2014.37029432     0.775     3.923
 2014.37303217     3.541     3.923
 2014.37577002     1.881     3.923
 2014.37850787     6.988     3.923
 2014.38124572     6.355     3.923
 2014.38398357     9.323     3.979
 2014.38672142     8.384     3.979
 2014.38945927     9.090     3.979
 2014.39219713     6.658     3.979
 2014.39493498     9.304     3.979
 2014.39767283     4.474     3.923
 2014.40041068     7.268     3.923
 2014.40314853     6.966     3.923
 2014.40588638     5.811     3.923
 2014.40862423     6.704     3.923
 2014.41136208    10.543     3.841
 2014.41409993     7.543     3.785
 2014.41683778     4.521     3.785
 2014.41957563     8.318     3.785
 2014.42231348     6.540     3.785
 2014.42505133     8.690     3.785
 2014.42778919     7.887     3.785
 2014.43052704    10.144     3.785
 2014.43326489     3.719     3.785
 2014.43600274     9.353     3.785
 2014.43874059     9.255     3.785
 2014.44147844    14.267     3.785
 2014.44421629     7.486     3.923
 2014.44695414     6.415     3.785
 2014.44969199    10.083     3.923
 2014.45242984     4.894     3.841
 2014.45516769     7.663     3.923
 2014.45790554     9.532     3.979
 2014.46064339     9.918     3.979
 2014.46338125     7.096     3.923
 2014.46611910     8.080     3.923
 2014.46885695     3.981     3.923
 2014.47159480    11.661     3.923
 2014.47433265     7.395     3.923
 2014.47980835     6.603     3.923
 2014.48254620     4.776     3.841
 2014.48528405    11.671     3.785
 2014.49075975     8.677     3.841
 2014.49349760     9.015     3.841
 2014.49623546    13.368     3.785
 2014.49897331     8.505     3.785
 2014.50171116     7.439     3.841
 2014.50444901     8.470     3.785
 2014.50718686    10.678     3.923
 2014.50992471    11.707     3.785
 2014.51266256     4.876     3.785
 2014.51540041    -1.083     3.923
 2014.51813826     7.080     3.785
 2014.52087611     4.992     3.841
 2014.52361396    -0.010     3.923
 2014.52635181     5.169     3.841
 2014.52908966     5.542     3.923
 2014.53182752     3.063     3.841
 2014.53456537     5.061     3.923
 2014.53730322     7.990     3.923
 2014.54004107     3.913     3.785
 2014.54277892     1.536     3.923
 2014.54551677     0.961     3.841
 2014.54825462     7.889     3.785
 2014.55099247    10.709     3.785
 2014.55373032     3.864     3.785
 2014.55646817     5.516     3.785
 2014.55920602     2.458     3.785
 2014.56194387     5.844     3.785
 2014.56468172     9.295     3.785
 2014.56741958     9.713     3.785
 2014.57015743     7.861     3.785
 2014.57289528     7.067     3.785
 2014.57563313    11.211     3.785
 2014.57837098    12.004     3.785
 2014.58110883     7.287     3.785
 2014.58384668    11.088     3.785
 2014.58658453     6.797     3.866
 2014.58932238     2.142     4.017
 2014.59206023    10.195     3.785
 2014.59479808    13.457     3.785
 2014.59753593    11.754     3.785
 2014.60027379    10.270     3.785
 2014.60301164    12.501     3.866
 2014.60574949    11.918     3.785
 2014.60848734    16.539     3.785
 2014.61122519    13.641     3.785
 2014.61396304    11.374     4.017
 2014.61670089    12.768     3.923
 2014.61943874    17.941     3.923
 2014.62217659    13.991     3.923
 2014.62491444     7.947     3.785
 2014.62765229    16.704     3.785
 2014.63039014    17.716     3.923
 2014.63312799     8.105     3.785
 2014.63586585    10.873     3.935
 2014.63860370     9.582     3.979
 2014.64134155    11.463     3.923
 2014.64407940    13.697     3.979
 2014.64681725     7.842     3.923
 2014.64955510     3.583     3.923
 2014.65229295    10.042     3.923
 2014.65503080     7.818     3.841
 2014.65776865     7.317     3.923
 2014.66050650     2.622     3.991
 2014.66324435     4.869     3.935
 2014.66598220     2.227     3.991
 2014.66872005     5.141     3.923
 2014.67145791     1.531     3.935
 2014.67419576    -1.482     3.841
 2014.67967146     3.794     3.923
 2014.68240931    10.653     3.841
 2014.68514716    12.209     3.935
 2014.68788501     8.366     3.935
 2014.69062286    11.876     3.923
 2014.69336071    -0.168     3.923
 2014.69609856     1.545     3.785
 2014.69883641    -1.041     3.785
 2014.70157426     2.117     3.785
 2014.70431211     1.895     3.935
 2014.70704997     5.774     3.785
 2014.70978782    12.227     3.785
 2014.71252567     3.322     3.785
 2014.71526352     9.207     3.785
 2014.71800137    11.597     3.785
 2014.72073922     9.231     3.785
 2014.72347707     9.850     3.785
 2014.72621492     7.985     3.785
 2014.72895277     8.285     3.703
 2014.73169062    15.422     3.785
 2014.73442847     8.965     3.785
 2014.73716632    12.152     3.785
 2014.73990418    10.454     3.785
 2014.74264203    10.273     3.841
 2014.74537988     7.527     3.841
 2014.74811773     4.684     3.841
 2014.75085558     0.574     3.785
 2014.75359343     2.547     3.866
 2014.75633128     6.459     3.785
 2014.75906913     6.450     3.785
 2014.76180698     6.191     3.703
 2014.76454483     8.996     3.785
 2014.76728268    13.239     3.785
 2014.77002053    14.501     3.785
 2014.77275838    10.687     3.923
 2014.77549624    13.980     3.785
 2014.77823409     8.365     3.785
 2014.78097194    14.329     3.785
 2014.78370979    12.842     3.785
 2014.78644764     9.943     3.841
 2014.78918549    12.790     3.785
 2014.79192334    15.803     3.785
 2014.79466119     7.476     3.785
 2014.79739904     8.126     3.785
 2014.80013689    14.656     3.923
 2014.80287474    20.528     3.785
 2014.80561259    15.340     3.923
 2014.80835044     6.804     3.785
 2014.81108830     6.920     3.785
 2014.81382615    11.322     3.841
 2014.81656400    10.360     3.979
 2014.81930185    11.134     3.897
 2014.82203970    13.357     3.979
 2014.82477755    11.047     4.060
 2014.82751540     7.514     3.979
 2014.83025325     2.987     3.979
 2014.83299110     9.281     3.979
 2014.83572895     7.947     3.979
 2014.83846680    10.499     3.991
 2014.84120465    13.086     4.047
 2014.84394251    10.790     3.979
 2014.84668036    13.432     3.979
 2014.84941821     9.845     3.979
 2014.85215606    10.601     4.035
 2014.85489391    11.796     3.979
 2014.85763176     8.053     3.979
 2014.86036961    11.638     3.979
 2014.86310746     9.394     3.979
 2014.86584531    10.245     3.979
 2014.86858316     9.827     3.979
 2014.87132101    11.038     3.979
 2014.87405886    15.290     3.979
 2014.87679671    14.083     3.979
 2014.87953457    13.107     3.979
 2014.88227242    11.665     3.979
 2014.88501027     7.709     3.979
 2014.89048597     3.278     4.129
 2014.89322382     6.595     4.129
 2014.89596167     6.738     4.060
 2014.89869952     9.605     4.073
 2014.90143737     4.837     4.073
 2014.90417522     6.215     4.060
 2014.90691307    10.827     3.979
 2014.90965092     7.648     3.979
 2014.91238877     7.388     3.979
 2014.91512663    11.612     3.979
 2014.91786448    11.633     3.979
 2014.92060233    13.118     3.979
 2014.92334018    14.632     3.979
 2014.92607803    15.905     3.979
 2014.92881588    11.830     3.979
 2014.93155373    13.095     3.979
 2014.93429158    13.947     4.035
 2014.93702943    14.959     3.979
 2014.93976728    12.865     3.979
 2014.94250513    13.206     3.979
 2014.94524298    12.947     4.129
 2014.94798084    17.605     3.979
 2014.95071869    13.945     3.979
 2014.95345654    11.687     3.979
 2014.95619439    13.084     3.897
 2014.95893224    13.948     3.979
 2014.96167009    15.922     3.979
 2014.96440794    12.369     4.035
 2014.96714579     8.930     4.035
 2014.96988364     5.817     4.035
 2014.97262149     7.436     3.897
 2014.97535934     7.173     4.035
 2014.97809719     8.464     3.979
 2014.98083504     9.991     3.979
 2014.98357290    -4.725     3.979
 2014.98631075    -1.794     4.035
 2014.98904860     7.954     3.979
 2014.99178645     2.021     3.897
 2014.99452430    -0.036     3.703
 2014.99726215     3.649     3.897
 2015.00000000    -3.279     3.979
 2015.00273785    11.645     3.979
 2015.00547570     9.808     3.979
 2015.00821355     8.191     3.979
 2015.01095140     0.759     3.979
 2015.01368925    -2.395     4.035
 2015.01642710     0.015     3.979
 2015.01916496     6.535     3.979
 2015.02190281     5.615     3.979
 2015.02464066     7.999     3.979
 2015.02737851     8.117     3.979
 2015.03011636    11.127     3.979
 2015.03285421     5.191     4.060
 2015.03559206     9.016     3.979
 2015.03832991     6.640     3.979
 2015.04106776     7.513     3.979
 2015.04380561     9.732     3.979
 2015.04654346     7.316     3.979
 2015.04928131     3.250     3.979
 2015.05201916     1.249     3.979
 2015.05475702     1.089     3.979
 2015.05749487     1.356     4.035
 2015.06023272     3.727     4.117
 2015.06297057     3.308     4.060
 2015.06570842     4.954     4.198
 2015.06844627     4.298     4.117
 2015.07118412     5.374     3.979
 2015.07392197     5.295     3.979
 2015.07665982     9.071     3.979
 2015.07939767    19.379     4.060
 2015.08213552    18.925     4.117
 2015.08487337    20.421     3.979
 2015.08761123    21.917     4.060
 2015.09034908    14.512     3.979
 2015.09308693     9.652     4.117
 2015.09582478     8.931     4.129
 2015.09856263     2.935     4.117
 2015.10130048    -0.283     4.211
 2015.10403833    10.137     3.979
 2015.10677618     5.346     4.073
 2015.10951403     9.595     4.211
 2015.11225188     6.450     4.129
 2015.11498973     3.262     4.129
 2015.11772758     3.433     3.979
 2015.12046543     3.934     4.060
 2015.12320329     8.407     4.117
 2015.12594114     5.910     4.060
 2015.12867899     6.180     3.979
 2015.13141684     4.556     4.129
 2015.13415469     5.197     4.117
 2015.13689254    10.634     4.129
 2015.13963039     9.471     4.129
 2015.14236824     7.891     4.117
 2015.14510609    14.462     3.979
 2015.14784394    12.393     9.986
 2015.15058179     9.664     3.979
 2015.15331964    11.267     4.060
 2015.15605749     6.142     4.117
 2015.15879535     8.242     4.035
 2015.16153320     5.645     4.129
 2015.16427105    14.884     4.117
 2015.16700890    12.820     4.117
 2015.16974675     8.543     3.979
 2015.17248460     2.554     3.979
 2015.17522245     1.593     4.129
 2015.17796030     2.364     4.129
 2015.18069815    -1.605     4.129
 2015.18343600    10.022     4.129
 2015.18617385     0.347     4.117
 2015.18891170    -1.036     4.129
 2015.19164956    -1.164     3.979
 2015.19438741    -0.515     4.117
 2015.19712526    -2.304     4.060
 2015.19986311    -8.002     3.979
 2015.20260096    -6.122     3.979
 2015.20533881    -4.009     4.117
 2015.20807666    -2.904     4.267
 2015.21081451     1.206     3.979
 2015.21355236     0.206     4.060
 2015.21629021     6.937     4.117
 2015.21902806     2.543     4.117
 2015.22176591     1.729     4.073
 2015.22450376     7.796     4.117
 2015.22724162     8.151     4.060
 2015.22997947    -0.799     5.941
 2015.24366872    15.216     4.637
 2015.24640657    12.253     4.129
 2015.24914442     4.583     4.117
 2015.25188227     4.100     3.979
 2015.25462012     0.678     4.060
 2015.25735797     3.240     4.060
 2015.26009582    -0.024     3.979
 2015.26283368     0.934     4.117
 2015.26557153    -0.457     4.060
 2015.26830938    -3.687     3.979
 2015.27104723     3.418     3.979
 2015.27378508     1.643     4.117
 2015.27652293    10.594     4.060
 2015.27926078     9.953     4.060
 2015.28199863     4.147     3.979
 2015.28473648    -0.682     4.060
 2015.28747433    10.206     4.129
 2015.29021218    10.888     4.129
 2015.29295003    -3.047     3.979
 2015.29568789    -1.840     3.979
 2015.29842574    -1.644     3.979
 2015.30116359     2.358     3.979
 2015.30390144     2.850     3.979
 2015.30663929     2.236     3.979
 2015.30937714     6.009     3.979
 2015.31211499     6.171     3.923
 2015.31485284     5.463     3.979
 2015.31759069     0.600     3.923
 2015.32032854     6.211     3.841
 2015.32306639     7.295     3.923
 2015.32580424     4.072     3.979
 2015.32854209    -0.792     3.979
 2015.33127995     1.485     3.979
 2015.33401780     3.157     3.979
 2015.33675565     1.616     3.979
 2015.33949350     2.426     3.979
 2015.34223135     3.181     3.979
 2015.34496920     3.173     3.979
 2015.34770705     4.196     3.979
 2015.35044490     6.146     3.841
 2015.35592060    -1.607     3.923
 2015.35865845    -2.961     3.979
 2015.36139630     1.009     4.129
 2015.36413415     5.805     3.979
 2015.36687201     4.138     3.979
 2015.36960986     2.504     3.979
 2015.37234771    -2.169     3.979
 2015.37508556     2.640     3.923
 2015.37782341     7.111     3.979
 2015.38056126     6.396     4.060
 2015.38329911     7.231     3.923
 2015.38603696     3.385     3.841
 2015.38877481     1.914     3.923
 2015.39151266     3.896     3.923
 2015.39425051     7.182     3.841
 2015.39698836     5.209     3.841
 2015.39972621    -0.474     3.923
 2015.40246407     4.894     3.923
 2015.40520192     7.704     3.979
 2015.40793977     4.808     3.923
 2015.41067762     3.269     3.923
 2015.41341547     9.985     3.841
 2015.41615332     0.162     3.841
 2015.41889117    10.030     3.923
 2015.42162902     7.536     3.923
 2015.42436687     0.651     3.923
 2015.42710472     0.397     3.923
 2015.42984257     0.255     3.923
 2015.43258042    -4.323     3.923
 2015.43531828     0.860     3.923
 2015.43805613    -0.851     3.785
 2015.44079398     3.429     3.923
 2015.44353183     3.682     4.073
 2015.44626968    -1.866     3.923
 2015.44900753     4.909     3.923
 2015.45174538     8.392     3.841
 2015.45448323     6.860     3.923
 2015.45722108     6.143     3.785
 2015.45995893     4.793     3.923
 2015.46269678     4.170     3.923
 2015.46543463     2.075     3.785
 2015.46817248     1.280     3.841
 2015.47091034     3.522     3.785
 2015.47364819     1.912     3.785
 2015.47638604     3.922     3.841
 2015.47912389     1.414     3.785
 2015.48186174     3.894     3.785
 2015.48459959     2.818     3.785
 2015.48733744     3.133     3.785
 2015.49007529     2.648     3.647
 2015.49281314     3.682     3.785
 2015.49555099    -1.425     3.785
 2015.49828884    -0.418     3.785
 2015.50102669     0.437     3.785
 2015.50376454    -0.068     3.785
 2015.50650240     4.560     3.785
 2015.50924025     8.126     3.923
 2015.51197810    11.955     3.785
 2015.51471595    12.254     3.785
 2015.51745380     8.247     3.785
 2015.52019165    12.274     3.647
 2015.52292950     4.532     3.647
 2015.52566735     7.459     3.785
 2015.52840520     4.140     3.785
 2015.53114305     2.562     3.785
 2015.53388090     8.113     3.785
 2015.53661875     6.319     3.647
 2015.53935661     2.765     3.785
 2015.54209446   -11.902     5.045
 2015.54483231     6.956     3.866
 2015.54757016     7.004     3.785
 2015.55030801     9.944     3.785
 2015.55304586     2.550     3.923
 2015.55578371     9.981     3.866
 2015.55852156     4.395     3.785
 2015.56125941    11.558     3.866
 2015.56399726     5.727     3.866
 2015.56673511    13.444     3.785
 2015.56947296    11.352     3.785
 2015.57221081    11.668     3.841
 2015.57494867     9.803     3.923
 2015.57768652    10.290     3.923
 2015.58042437     4.965     3.785
 2015.58316222     2.956     3.785
 2015.58590007     6.100     3.841
 2015.58863792     3.578     3.785
 2015.59137577    11.262     3.923
 2015.59411362     4.626     3.785
 2015.59685147     4.040     3.785
 2015.59958932    11.261     3.935
 2015.60232717     4.188     4.004
 2015.60506502     7.048     3.785
 2015.60780287     8.473     3.785
 2015.61054073     6.202     3.923
 2015.61327858     5.710     3.785
 2015.61601643     5.138     3.785
 2015.61875428     8.604     3.785
 2015.62149213     9.456     3.785
 2015.62422998     8.944     3.785
 2015.62696783     6.219     3.785
 2015.62970568     1.271     3.785
 2015.63244353     4.759     3.729
 2015.63518138     7.374     3.647
 2015.63791923     9.098     3.785
 2015.64065708     5.757     3.703
 2015.64339493    10.060     3.785
 2015.64613279    11.741     3.866
 2015.88432580     6.184     3.923
 2015.88706366     7.225     3.866
 2015.88980151     7.803     3.785
 2015.89253936     3.407     3.866
 2015.89527721     5.409     3.841
 2015.89801506    13.022     3.785
 2015.90075291    11.462     3.785
 2015.90349076     7.880     3.785
 2015.90622861    13.849     3.866
 2015.90896646    12.379     3.923
 2015.91170431    12.788     3.923
 2015.91444216    14.562     3.923
 2015.91718001    11.192     3.923
 2015.91991786     1.678     3.785
 2015.92265572     3.253     3.866
 2015.92539357     9.097     3.923
 2015.92813142     8.297     3.923
 2015.93086927    11.317     3.923
 2015.93360712    -2.524     3.923
 2015.93634497    -4.173     3.923
 2015.93908282    -4.143     3.923
 2015.94182067     6.284     3.923
 2015.94455852    -0.115     4.004
 2015.94729637     3.427     3.923
 2015.95003422    -5.197     3.866
 2015.95277207     1.712     3.785
 2015.95550992    -2.664     3.785
 2015.95824778     4.501     3.923
 2015.96098563     0.148     4.004
 2015.96372348     5.178     4.004
 2015.96646133     8.873     3.923
 2015.96919918     4.872     3.923
 2015.97193703    10.961     3.785
 2015.97467488     5.696     3.923
 2015.97741273    -3.622     3.923
 2015.98015058     1.567     3.866
 2015.98288843     4.293     3.866
 2015.98562628    -4.619     3.923
 2015.98836413     2.534     3.785
 2015.99110198    -1.925     3.785
 2015.99383984     0.684     3.785
 2015.99657769     3.870     3.785
 2015.99931554     2.658     3.923
 2016.00205339    -2.409     3.785
 2016.00479124    -1.773     3.923
 2016.00752909     8.763     3.923
 2016.01026694    15.191     3.923
 2016.01300479    11.947     3.923
 2016.01574264    10.365     4.004
 2016.01848049    13.729     4.060
 2016.02121834    15.789     4.004
 2016.02395619    15.069     3.923
 2016.02669405    17.828     3.923
 2016.02943190    11.141     3.866
 2016.03216975    14.151     3.785
 2016.03490760    17.655     3.785
 2016.03764545     7.217     3.923
 2016.04038330    10.955     3.785
 2016.04312115     7.291     3.923
 2016.04585900     8.049     3.923
 2016.04859685    10.876     3.923
 2016.05133470    13.010     3.923
 2016.05407255     6.828     3.923
 2016.05681040     7.390     3.923
 2016.05954825     6.095     3.923
 2016.06228611     4.067     3.841
 2016.06502396     4.107     3.785
 2016.06776181     4.719     3.841
 2016.07049966    14.695     3.923
 2016.07323751    14.176     3.785
 2016.07597536    12.780     3.866
 2016.07871321    11.421     3.923
 2016.08145106    11.766     3.866
 2016.08418891     9.782     3.866
 2016.08692676     0.876     3.923
 2016.08966461     4.537     3.785
 2016.09240246     8.937     3.785
 2016.09514031     0.651     3.785
 2016.09787817     3.411     3.923
 2016.10061602     7.971     3.785
 2016.10335387     9.230     3.866
 2016.10609172    10.193     3.923
 2016.10882957    11.912     3.866
 2016.11156742     7.266     3.785
 2016.11430527     6.460     3.923
 2016.11704312     9.887     3.923
 2016.11978097     9.535     3.923
 2016.12251882     9.420     3.923
 2016.12525667    -2.937     3.923
 2016.12799452    -0.737     3.923
 2016.13073238     3.748     3.923
 2016.13347023     8.366     3.785
 2016.13620808     8.827     3.923
 2016.13894593     5.088     3.923
 2016.14168378     7.155     3.923
 2016.14442163     6.057     3.923
 2016.14715948    10.255     3.923
 2016.14989733     8.913     3.923
 2016.15263518     2.243     3.923
 2016.15537303     5.307     4.004
 2016.15811088    -1.369     3.923
 2016.16084873    -1.671     3.923
 2016.16358658    -2.908     3.923
 2016.16632444     7.513     3.923
 2016.16906229     9.152     3.923
 2016.17180014     2.569     3.841
 2016.17453799     6.349     3.979
 2016.17727584     6.718     3.923
 2016.18001369     4.425     3.841
 2016.18275154     4.566     3.923
 2016.18548939     5.060     4.060
 2016.18822724     6.465     3.923
 2016.19096509     3.187     3.923
 2016.19370294     1.517     3.785
 2016.19644079     2.806     3.923
 2016.19917864    -1.044     3.923
 2016.20191650    -1.563     4.060
 2016.20465435     1.856     3.979
 2016.20739220     1.012     4.004
 2016.21013005     5.681     4.060
 2016.21286790     6.020     4.004
 2016.21560575    11.513     4.060
 2016.21834360    13.124     4.060
 2016.22108145     9.671     3.923
 2016.22381930    11.307     3.923
 2016.22929500     8.438     3.923
 2016.23203285     6.090     3.923
 2016.23477070     6.507     3.923
 2016.23750856    10.540     3.923
 2016.24024641     8.425     3.923
 2016.24298426     8.852     4.060
 2016.24572211     9.498     3.923
 2016.24845996     7.410     3.923
 2016.25119781     8.712     3.923
 2016.25393566     6.971     3.923
 2016.25667351    10.367     3.923
 2016.25941136    10.900     3.923
 2016.26214921     9.960     3.923
 2016.26488706    11.912     3.923
 2016.26762491    13.220     3.923
 2016.27036277    11.655     3.923
 2016.27310062     8.633     3.923
 2016.27583847     7.576     3.923
 2016.27857632     7.759     3.923
 2016.28131417     5.630     3.979
 2016.28405202    11.465     3.923
 2016.28678987     9.641     3.923
 2016.28952772     9.763     3.923
 2016.29226557    10.784     3.866
 2016.29500342    16.323     3.923
 2016.29774127    13.504     3.923
 2016.30047912    12.295     3.923
 2016.30321697     3.683     3.923
 2016.30595483     9.760     3.923
 2016.30869268     7.021     3.923
 2016.31143053     6.806     3.923
 2016.31416838     5.805     3.923
 2016.31690623     4.699     3.841
 2016.31964408     5.005     3.923
 2016.32238193     5.068     3.923
 2016.32511978     2.732     3.923
 2016.32785763     1.197     3.923
 2016.33059548     1.715     3.923
 2016.33333333     2.766     3.923
 2016.33607118     6.856     3.923
 2016.33880903     1.377     3.923
 2016.34154689     0.529     3.979
 2016.34428474     7.757     4.004
 2016.34702259     3.440     3.923
 2016.34976044     6.065     3.841
 2016.35249829     7.783     3.923
 2016.35523614     5.601     3.923
 2016.35797399    11.344     3.923
 2016.36071184    12.181     3.841
 2016.36344969    12.412     3.841
 2016.36618754    17.276     3.923
 2016.36892539    15.722     3.923
 2016.37166324     6.359     3.923
 2016.37440110    11.901     3.923
 2016.37713895    12.894     3.785
 2016.37987680     9.363     3.785
 2016.38261465     9.458     3.923
 2016.38535250     9.187     3.866
 2016.38809035     8.568     3.923
 2016.39082820     9.743     3.923
 2016.39356605    10.437     3.841
 2016.39630390     9.287     3.923
 2016.39904175     6.947     3.923
 2016.40177960     9.491     3.923
 2016.40451745    14.924     4.060
 2016.40725530     3.596     3.923
 2016.40999316     6.667     3.923
 2016.41273101     2.797     3.923
 2016.41546886    13.898     3.923
 2016.41820671     5.292     3.923
 2016.42094456    13.936     3.923
 2016.42368241    12.691     3.841
 2016.42642026    11.007     3.866
 2016.42915811     5.402     3.866
 2016.43189596    10.399     3.785
 2016.43463381     8.723     3.785
 2016.43737166    12.114     3.729
 2016.44010951    13.731     3.647
 2016.44284736    14.344     3.785
 2016.44558522    15.238     3.785
 2016.44832307    11.648     3.729
 2016.45106092    17.128     3.647
 2016.45379877    15.472     3.647
 2016.45653662    11.055     3.785
 2016.45927447     7.781     3.729
 2016.46201232    16.113     3.785
 2016.46475017    13.732     3.785
 2016.46748802     5.931     3.729
 2016.47022587     6.053     3.785
 2016.47296372     5.613     3.785
 2016.47570157     9.779     3.729
 2016.47843943     8.187     3.785
 2016.48117728    18.917     3.923
 2016.48391513    10.359     3.866
 2016.48665298    18.116     3.729
 2016.48939083    12.855     3.785
 2016.49212868    12.890     3.866
 2016.49486653    10.112     3.785
 2016.49760438    12.596     3.785
 2016.50034223     8.805     3.729
 2016.50308008     7.017     3.729
 2016.50581793    11.038     3.866
 2016.50855578     5.491     3.866
 2016.51129363    14.088     3.785
 2016.51403149     7.625     3.647
 2016.51676934     9.004     3.647
 2016.51950719     5.403     3.785
 2016.52224504     5.208     3.729
 2016.52498289     4.581     3.866
 2016.52772074     9.029     3.785
 2016.53045859     8.826     3.785
 2016.53319644     6.583     3.729
 2016.53593429     3.747     3.785
 2016.53867214    -1.281     3.785
 2016.54140999     2.787     3.785
 2016.54414784     6.056     3.785
 2016.54688569     3.362     3.785
 2016.54962355     3.496     3.729
 2016.55236140     6.805     3.729
 2016.55509925     8.199     3.729
 2016.55783710    15.021     3.785
 2016.56057495     6.342     3.785
 2016.56331280     5.721     3.729
 2016.56605065     5.034     3.785
 2016.56878850    10.464     3.866
 2016.57152635     5.485     3.866
 2016.57426420     9.305     3.729
 2016.57700205    10.982     3.866
 2016.57973990    10.708     3.785
 2016.58247775     7.290     3.647
 2016.58521561     6.509     3.729
 2016.58795346    11.634     3.647
 2016.59069131     8.392     3.785
 2016.59342916     7.301     3.785
 2016.59616701     6.748     3.647
 2016.59890486     4.910     3.647
 2016.60164271     5.950     3.729
 2016.60438056     7.153     3.729
 2016.60711841     6.657     3.729
 2016.60985626     6.862     3.729
 2016.61259411     2.588     3.647
 2016.61533196     2.902     3.647
 2016.61806982    11.423     3.647
 2016.62080767    -0.979     3.647
 2016.62354552     3.381     3.647
 2016.62628337    -0.470     3.785
 2016.62902122     4.765     3.647
 2016.63175907     1.552     3.729
 2016.63449692     0.802     3.729
 2016.63723477     1.298     3.785
 2016.63997262     1.964     3.647
 2016.64271047     5.161     3.647
 2016.64544832     4.013     3.647
 2016.64818617     3.713     3.729
 2016.65092402     6.066     3.647
 2016.65366188    12.898     3.729
 2016.65639973    10.422     3.785
 2016.65913758     1.388     3.923
 2016.66187543     8.113     3.729
 2016.66461328     7.365     3.729
 2016.66735113     3.677     3.647
 2016.67008898     6.543     3.729
 2016.67282683    13.576     3.785
 2016.67556468     7.750     3.785
 2016.67830253     2.302     3.785
 2016.68104038     0.657     3.647
 2016.68377823     4.630     3.647
 2016.68651608    13.449     3.866
 2016.68925394     9.004     3.866
 2016.69199179     4.979     3.785
 2016.69472964     9.263     3.647
 2016.69746749    12.465     3.729
 2016.70020534    11.606     3.729
 2016.70294319    12.634     3.785
 2016.70568104    18.572     3.785
 2016.70841889     7.052     3.866
 2016.71115674     7.655     3.866
 2016.71389459     9.106     3.729
 2016.71663244    11.474     3.785
 2016.71937029    11.854     3.729
 2016.72210815    14.293     3.647
 2016.72484600    13.104     3.729
 2016.72758385    13.264     3.647
 2016.73032170    10.016     3.785
 2016.73305955     8.501     3.785
 2016.73579740    12.327     3.647
 2016.73853525    11.983     3.785
 2016.74127310    12.706     3.785
 2016.74401095    20.125     3.785
 2016.74674880    14.740     3.866
 2016.74948665    16.475     3.785
 2016.75222450    14.080     3.729
 2016.75496235     2.335     3.785
 2016.75770021     1.495     3.785
 2016.76043806     2.499     3.785
 2016.76317591     0.051     3.729
 2016.76591376    -2.695     3.785
 2016.76865161     4.021     3.785
 2016.77138946     5.271     3.729
 2016.77412731     0.843     3.785
 2016.77686516     4.324     3.729
 2016.77960301     7.733     3.647
 2016.78234086     8.873     3.647
 2016.78507871     9.667     3.785
 2016.78781656     8.032     3.785
 2016.79055441    12.939     3.729
 2016.79329227     4.921     3.785
 2016.79603012    10.375     3.647
 2016.79876797    12.332     3.647
 2016.80150582     7.895     3.647
 2016.80424367     7.208     3.729
 2016.80698152     7.089     3.785
 2016.80971937     7.904     3.703
 2016.81519507     9.667     3.785
 2016.81793292     6.119     3.785
 2016.82067077     8.387     3.785
 2016.82340862    12.442     3.785
 2016.82614648    16.826     3.785
 2016.82888433     9.456     3.729
 2016.83162218     4.569     3.785
 2016.83436003     7.347     3.785
 2016.83709788    12.356     3.785
 2016.83983573     6.471     3.647
 2016.84257358     8.291     3.785
 2016.84531143     3.520     3.785
 2016.84804928    10.499     3.785
 2016.85078713     9.821     3.785
 2016.85352498     9.567     3.703
 2016.85626283     8.873     3.785
 2016.85900068    13.102     3.785
 2016.86173854    10.173     3.785
 2016.86447639     9.802     3.785
 2016.86721424    11.003     3.647
 2016.86995209    10.898     3.785
 2016.87268994     8.542     3.785
 2016.87542779     5.897     3.866
 2016.87816564    11.127     3.785
 2016.88090349    11.907     3.785
 2016.88364134    18.003     3.729
 2016.88637919    15.053     3.703
 2016.88911704    13.600     3.785
 2016.89185489    12.814     3.785
 2016.89459274    18.266     3.785
 2016.89733060    12.817     3.729
 2016.90006845    12.373     3.785
 2016.90280630     7.726     3.785
 2016.90554415    12.783     3.866
 2016.90828200    11.101     3.866
 2016.91101985     0.672     3.785
 2016.91375770     8.272     3.785
 2016.91649555    11.221     3.785
 2016.91923340     8.488     3.785
 2016.92197125     1.381     3.785
 2016.92470910     4.983     3.785
 2016.92744695     3.685     3.785
 2016.93018480     9.691     3.785
 2016.93292266     3.611     3.785
 2016.93566051    10.871     3.841
 2016.93839836     6.297     3.923
 2016.94113621    14.063     3.923
 2016.94387406    10.188     3.785
 2016.94661191     8.226     3.841
 2016.94934976     4.266     3.785
 2016.95208761    10.260     3.923
 2016.95482546     1.383     3.923
 2016.95756331     5.097     3.841
 2016.96030116     3.039     3.841
 2016.96303901    -0.487     3.923
 2016.96577687     2.697     3.923
 2016.96851472     5.210     3.923
 2016.97125257     3.370     3.923
 2016.97399042     5.504     3.923
 2016.97672827     5.841     3.923
 2016.97946612     9.744     3.923
 2016.98220397     8.345     3.923
 2016.98494182     3.129     3.923
 2016.98767967     4.493     3.979
 2016.99041752     5.595     3.923
 2016.99315537    -2.264     3.923
 2016.99589322    -1.881     3.923
 2016.99863107    -5.260     3.923
 2017.00136893     3.100     3.923
 2017.00410678     8.030     3.923
 2017.00684463     6.397     3.785
 2017.00958248     8.077     3.923
 2017.01232033     0.840     3.923
 2017.01505818    -2.875     3.923
 2017.01779603    -4.958     3.979
 2017.02053388     5.527     3.923
 2017.02327173     0.571     3.841
 2017.02600958     8.553     3.923
 2017.02874743    10.586     3.923
 2017.03148528    17.895     3.923
 2017.03422313    14.093     3.923
 2017.03696099    13.658     3.923
 2017.03969884     8.119     3.923
 2017.04243669     3.998     3.923
 2017.04517454     1.617     3.923
 2017.04791239     3.076     3.979
 2017.05065024     4.261     3.979
 2017.05338809    -1.328     3.923
 2017.05612594    -1.027     3.923
 2017.05886379     1.397     3.841
 2017.06160164     1.914     3.841
 2017.06433949    11.148     3.841
 2017.06707734     8.079     3.923
 2017.06981520     3.523     3.979
 2017.07255305     5.235     3.923
 2017.07529090     8.755     3.923
 2017.07802875     9.338     3.923
 2017.08076660    12.935     3.923
 2017.08350445     9.767     3.923
 2017.08624230     6.980     3.923
 2017.08898015    10.887     3.841
 2017.09171800    12.202     3.923
 2017.09445585    13.917     3.923
 2017.09719370     9.502     3.923
 2017.09993155    10.074     3.923
 2017.10266940     3.627     3.923
 2017.10540726     6.472     3.923
 2017.10814511     2.195     3.923
 2017.11088296     3.039     3.923
 2017.11362081     6.684     3.923
 2017.11635866     3.954     3.923
 2017.11909651     7.363     3.923
 2017.12183436     9.706     3.923
 2017.12457221     4.922     3.923
 2017.12731006     3.525     3.923
 2017.13004791     7.734     3.923
 2017.13278576     5.795     3.841
 2017.13552361    13.204     3.923
 2017.13826146    11.710     3.923
 2017.14099932    20.697     3.923
 2017.14373717    16.960     3.923
 2017.14647502    19.016     3.923
 2017.14921287    20.710     3.923
 2017.15195072    13.890     3.923
 2017.15468857    10.516     3.923
 2017.15742642    12.596     3.923
 2017.16016427    11.814     3.923
 2017.16290212    14.897     3.841
 2017.16563997    13.529     3.841
 2017.16837782     8.380     3.923
 2017.17111567    11.466     3.923
 2017.17385352    13.766     3.923
 2017.17659138    14.796     3.923
 2017.17932923     7.519     4.004
 2017.18206708     8.495     3.923
 2017.18480493    12.648     3.923
 2017.18754278     8.158     3.979
 2017.19028063    11.059     3.923
 2017.19301848    10.662     3.923
 2017.19575633    13.192     3.923
 2017.19849418     7.088     3.923
 2017.20123203     9.550     4.004
 2017.20396988    12.486     3.923
 2017.20670773    14.647     3.923
 2017.20944559     9.718     3.979
 2017.21218344    14.579     3.841
 2017.21492129    14.800     3.923
 2017.21765914    10.057     3.979
 2017.22039699    15.346     3.923
 2017.22313484    13.006     3.923
 2017.22587269     7.053     3.979
 2017.22861054     5.405     3.979
 2017.23134839     9.315     3.923
 2017.23408624     8.368     3.923
 2017.23682409     7.368     3.923
 2017.23956194    10.809     3.923
 2017.24229979    10.559     3.979
 2017.24503765     2.409     3.923
 2017.24777550    11.634     3.923
 2017.25051335    12.453     3.979
 2017.25325120     7.017     3.979
 2017.25872690     3.307     3.923
 2017.26146475     9.444     3.923
 2017.26420260     9.648     3.979
 2017.26694045     7.932     3.923
 2017.26967830    10.450     3.841
 2017.27241615     9.906     3.923
 2017.27515400    14.270     3.923
 2017.27789185    12.042     3.923
 2017.28062971     9.593     3.923
 2017.28336756     9.671     3.923
 2017.28610541    11.880     3.841
 2017.28884326     5.485     3.841
 2017.29158111     6.348     3.923
 2017.29431896     7.157     3.923
 2017.29705681    -1.109     3.923
 2017.29979466     6.038     3.841
 2017.30253251     6.584     3.841
 2017.30527036     8.881     3.923
 2017.30800821    12.991     3.923
 2017.31074606     9.050     3.923
 2017.31348392     9.916     3.923
 2017.31622177     8.492     3.923
 2017.31895962     7.577     3.923
 2017.32169747     6.606     3.923
 2017.32443532     9.293     4.004
 2017.32717317    -0.560     3.923
 2017.32991102     7.352     3.841
 2017.33538672     2.645     3.923
 2017.33812457     2.679     3.923
 2017.34086242     3.621     3.923
 2017.34360027     6.579     3.923
 2017.34633812     8.246     3.923
 2017.34907598     8.667     3.923
 2017.35181383     2.275     3.923
 2017.35455168     6.427     3.923
 2017.35728953     7.130     3.841
 2017.36002738     9.615     3.923
 2017.36276523     9.783     3.923
 2017.36550308     6.518     3.923
 2017.36824093     5.523     3.923
 2017.37097878     0.041     3.923
 2017.37371663     1.289     3.841
 2017.37645448     1.616     3.923
 2017.37919233     5.015     3.923
 2017.38193018     4.436     3.866
 2017.38466804     4.435     3.785
 2017.38740589     5.017     3.647
 2017.39014374     8.995     3.729
 2017.39288159     5.244     3.729
 2017.39561944     4.907     3.729
 2017.39835729     4.756     3.647
 2017.40109514     8.531     3.647
 2017.40383299     5.866     3.647
 2017.40657084     3.722     3.923
 2017.40930869     7.440     3.785
 2017.41204654    10.015     3.785
 2017.41478439    11.659     3.785
 2017.41752225     4.830     3.785
 2017.42026010     7.432     3.785
 2017.42299795     0.226     3.785
 2017.42573580     9.733     3.785
 2017.42847365     8.068     3.785
 2017.43121150    11.003     3.785
 2017.43394935     6.890     3.785
 2017.43668720     7.137     3.785
 2017.43942505     2.568     3.785
 2017.44216290    -0.036     3.785
 2017.44490075     6.764     3.785
 2017.44763860    16.174     3.785
 2017.45037645    14.404     3.785
 2017.45311431     7.992     3.729
 2017.45585216    10.714     3.866
 2017.45859001     7.508     3.866
 2017.46132786     6.061     3.647
 2017.46406571     2.066     3.729
 2017.46680356     4.169     3.729
 2017.46954141     7.197     3.866
 2017.47227926    10.076     3.785
 2017.47501711     8.318     3.866
 2017.47775496     2.219     3.923
 2017.48049281     7.910     3.785
 2017.48323066     3.986     3.866
 2017.48596851     7.661     3.785
 2017.48870637     7.386     3.785
 2017.49144422    11.814     3.785
 2017.49418207     4.883     3.923
 2017.49691992     3.933     3.923
 2017.49965777     3.678     3.923
 2017.50239562     8.152     3.866
 2017.50513347     5.233     3.923
 2017.50787132     3.935     3.841
 2017.51060917     2.282     3.785
 2017.51334702     6.845     3.923
 2017.51608487     2.364     3.979
 2017.51882272     3.027     3.923
 2017.52156057     6.761     3.785
 2017.52429843     1.055     3.923
 2017.52703628     7.172     3.923
 2017.52977413     2.708     3.923
 2017.53251198     9.525     3.785
 2017.53524983     6.240     3.785
 2017.53798768     1.016     3.785
 2017.54072553     2.692     3.785
 2017.54346338     1.145     3.785
 2017.54620123     1.780     3.785
 2017.54893908     8.904     3.785
 2017.55167693     6.964     3.866
 2017.55441478    -0.995     3.785
 2017.55715264     7.742     3.785
 2017.55989049     6.943     3.923
 2017.56262834     3.673     3.785
 2017.56536619     4.672     3.841
 2017.56810404    10.089     3.785
 2017.57084189     2.996     3.866
 2017.57357974    12.514     3.785
 2017.57631759     6.308     3.785
 2017.57905544     6.478     3.866
 2017.58179329     9.356     3.785
 2017.58453114     4.721     3.785
 2017.58726899     3.894     3.866
 2017.59000684    13.535     3.866
 2017.59274470    11.343     3.785
 2017.59548255    10.701     3.785
 2017.59822040     4.285     3.785
 2017.60095825     0.466     3.785
 2017.60369610     3.046     3.785
 2017.60643395     4.084     3.923
 2017.60917180     7.282     3.785
 2017.61190965     7.654     3.923
 2017.61464750     3.070     3.785
 2017.61738535     7.028     3.785
 2017.62012320     8.046     3.866
 2017.62286105     0.312     3.785
 2017.62559890     0.106     3.785
 2017.62833676    -0.873     3.923
 2017.63107461     6.376     4.004
 2017.63381246     6.618     3.866
 2017.63655031     0.346     3.923
 2017.63928816    12.594     3.785
 2017.64202601     6.793     3.923
 2017.64476386     2.705     3.785
 2017.64750171     6.183     3.866
 2017.65023956     8.769     3.866
 2017.65297741     5.478     3.923
 2017.65571526     5.605     3.923
 2017.65845311     2.962     3.923
 2017.66119097    10.020     3.979
 2017.66392882     7.732     3.923
 2017.67488022     1.708     4.060
 2017.67761807     1.315     3.785
 2017.68035592     9.451     3.979
 2017.68309377     7.715     3.923
 2017.68583162     5.662     3.923
 2017.68856947    10.993     3.923
 2017.69130732    13.731     3.923
 2017.69404517    11.975     3.785
 2017.69678303    14.581     3.923
 2017.69952088    17.107     3.923
 2017.70225873    10.110     4.004
 2017.70499658    19.200     3.923
 2017.70773443    13.800     3.923
 2017.71047228    10.254     3.923
 2017.71321013     4.228     3.923
 2017.71594798     3.530     3.923
 2017.71868583     1.627     3.785
 2017.72142368     3.331     3.841
 2017.72416153     1.693     3.841
 2017.72689938     2.891     3.841
 2017.72963723    -0.188     3.841
 2017.73237509     4.511     3.785
 2017.73511294     3.100     3.785
 2017.73785079     9.498     3.785
 2017.74058864     4.388     3.923
 2017.74332649     5.240     3.785
 2017.74606434     2.766     3.785
 2017.74880219    11.194     3.785
 2017.75154004    13.138     3.785
 2017.75427789    12.458     3.785
 2017.75701574    15.580     3.785
 2017.75975359    15.305     3.923
 2017.76249144    13.279     3.785
 2017.76522930    13.549     3.703
 2017.76796715    13.153     3.785
 2017.77070500     6.747     3.785
 2017.77344285     9.694     3.647
 2017.77618070     6.276     3.785
 2017.77891855     9.611     3.785
 2017.78165640     4.538     3.923
 2017.78439425     6.864     3.785
 2017.78713210     9.104     3.785
 2017.78986995     6.415     3.785
 2017.79260780     5.247     3.729
 2017.79534565     7.915     3.785
 2017.79808350     5.121     3.729
 2017.80082136     5.090     3.785
 2017.80355921     5.875     3.785
 2017.80629706     4.625     3.785
 2017.80903491     6.349     3.729
 2017.81177276     4.745     3.647
 2017.81451061     0.884     3.785
 2017.81724846     7.316     3.729
 2017.81998631    10.119     3.729
 2017.82272416     1.139     3.785
 2017.82546201    12.527     3.729
 2017.82819986     4.165     3.785
 2017.83093771     5.206     3.729
 2017.83367556     7.114     3.729
 2017.83641342    10.623     3.729
 2017.83915127    12.216     3.866
 2017.84188912    10.413     3.785
 2017.84462697    10.126     3.729
 2017.84736482     9.817     3.729
 2017.85010267     1.047     3.647
 2017.85284052     4.091     3.647
 2017.85557837     4.131     3.647
 2017.85831622    10.751     3.785
 2017.86105407    12.528     3.785
 2017.86379192    19.587     3.785
 2017.86652977    11.105     3.785
 2017.86926762     6.630     3.785
 2017.87200548     8.334     3.729
 2017.87474333     2.842     3.729
 2017.87748118     3.285     3.729
 2017.88021903     3.650     3.785
 2017.88295688    10.163     3.729
 2017.88569473     5.299     3.729
 2017.88843258     4.862     3.729
 2017.89117043     5.111     3.729
 2017.89390828     8.886     3.647
 2017.89664613    13.730     3.729
 2017.89938398     1.697     3.729
 2017.90212183     2.654     3.729
 2017.90485969     2.696     3.785
 2017.90759754     3.268     3.729
 2017.91033539     7.416     3.647
 2017.91307324     6.221     3.729
 2017.91581109     3.709     3.729
 2017.91854894     3.876     3.647
 2017.92128679     6.343     3.647
 2017.92402464     7.398     3.647
 2017.92676249     5.707     3.647
 2017.92950034     5.795     3.647
 2017.93223819     7.643     3.729
 2017.93497604     9.797     3.729
 2017.93771389    12.880     3.647
 2017.94045175    13.632     3.647
 2017.94318960    16.870     3.647
 2017.94592745    15.148     3.729
 2017.94866530    12.647     3.729
 2017.95140315    12.511     3.729
 2017.95414100    15.060     3.785
 2017.95687885    13.195     3.647
 2017.95961670     6.125     3.785
 2017.96235455     1.673     3.785
 2017.96509240     4.103     3.729
 2017.96783025     0.993     3.785
 2017.97056810     0.090     3.785
 2017.97330595     5.938     3.785
 2017.97604381     3.367     3.785
 2017.97878166    11.585     3.785
 2017.98151951    11.547     3.785
 2017.98425736    10.560     3.729
 2017.98973306    16.251     3.647
 2017.99247091    13.670     3.647
 2017.99520876    16.697     3.729
 2017.99794661    12.997     3.647
 2018.00068446    14.556     3.785
 2018.00342231    16.329     3.785
 2018.00616016    11.195     3.785
 2018.00889802    12.816     3.785
 2018.01163587    11.293     3.729
 2018.01437372    12.702     3.647
 2018.01711157     4.213     3.785
 2018.01984942     3.824     3.785
 2018.02258727     3.580     3.785
 2018.02532512     5.992     3.785
 2018.02806297     4.944     3.785
 2018.03080082     7.453     3.785
 2018.03353867     1.911     3.785
 2018.03627652     0.960     3.785
 2018.03901437     5.423     3.785
 2018.04175222    15.250     3.785
 2018.04449008    18.091     3.785
 2018.04722793    13.480     3.647
 2018.04996578    11.993     3.785
 2018.05270363     9.123     3.729
 2018.05544148    11.101     3.647
 2018.05817933    11.371     3.785
 2018.06091718    12.167     3.785
 2018.06365503     8.304     3.785
 2018.06639288    11.220     3.785
 2018.06913073    15.104     3.785
 2018.07186858     2.859     3.785
 2018.07460643     5.653     3.785
 2018.07734428     8.598     3.785
 2018.08008214     6.711     3.841
 2018.08281999     4.874     3.785
 2018.08555784     9.569     3.785
 2018.08829569    12.132     3.785
 2018.09103354     9.271     3.785
 2018.09377139     7.426     3.923
 2018.09650924     3.100     3.785
 2018.09924709     3.332     3.923
 2018.10198494     6.872     3.923
 2018.10472279     6.612     3.923
 2018.10746064    10.437     3.923
 2018.11019849    11.207     3.923
 2018.11293634     9.542     3.923
 2018.11567420    15.153     3.923
 2018.11841205    18.114     3.841
 2018.12114990    14.136     3.923
 2018.12388775     7.189     3.923
 2018.12662560    10.338     3.923
 2018.12936345     6.684     3.923
 2018.13210130     8.784     3.923
 2018.13483915     7.354     3.841
 2018.13757700     7.127     3.923
 2018.14031485     7.830     3.923
 2018.14305270     8.204     3.923
 2018.14579055     7.561     3.923
 2018.14852841     9.839     4.060
 2018.15126626     5.192     4.004
 2018.15400411     0.836     3.923
 2018.15674196     5.271     3.923
 2018.15947981     1.794     3.923
 2018.16221766     7.372     3.785
 2018.16495551    13.058     3.923
 2018.16769336    13.788     3.923
 2018.17043121    15.144     3.923
 2018.17316906    18.703     3.923
 2018.17590691    22.718     3.923
 2018.17864476    24.489     3.979
 2018.18138261    15.872     3.979
 2018.18412047    18.470     4.060
 2018.18685832    13.316     4.060
 2018.18959617    12.012     3.923
 2018.19233402    18.628     4.060
 2018.19507187    11.534     3.923
 2018.19780972    14.787     3.923
 2018.20054757    10.698     3.923
 2018.20328542     9.252     4.060
 2018.20602327    13.127     3.923
 2018.20876112     8.576     3.923
 2018.21149897    13.053     3.923
 2018.21423682    17.476     3.923
 2018.21697467     7.624     3.923
 2018.21971253    14.759     3.923
 2018.22245038    11.529     3.841
 2018.22518823    19.043     3.923
 2018.22792608    12.625     3.841
 2018.23066393    15.073     3.923
 2018.23340178     9.395     3.923
 2018.23613963    10.860     3.923
 2018.23887748     7.468     3.841
 2018.24161533    10.115     3.841
 2018.24435318    17.711     3.841
 2018.24709103     9.825     3.841
 2018.24982888    17.827     3.841
 2018.25256674    14.292     3.841
 2018.25530459     9.863     3.923
 2018.25804244    12.871     3.841
 2018.26078029    10.192     3.979
 2018.26351814    12.581     3.979
 2018.26625599    10.508     3.979
 2018.26899384     8.962     3.923
 2018.27173169    10.848     3.923
 2018.27446954     8.120     3.923
 2018.27720739    19.838     3.923
 2018.27994524    18.766     4.060
 2018.28268309     4.348     4.129
 2018.28542094     6.532     3.979
 2018.28815880     8.448     3.979
 2018.29089665     7.074     3.923
 2018.29363450     7.763     4.117
 2018.29637235     6.373     3.979
 2018.29911020     5.734     3.979
 2018.30184805     8.637     3.979
 2018.30458590    10.416     3.979
 2018.30732375    14.846     3.923
 2018.31006160    14.502     3.923
 2018.31279945    14.305     3.979
 2018.31553730    12.947     3.923
 2018.31827515     7.412     3.841
 2018.32101300    16.048     3.923
 2018.32375086    13.600     3.923
 2018.32648871    13.442     3.841
 2018.32922656    10.181     3.923
 2018.33196441     6.560     3.923
 2018.33470226     9.568     3.923
 2018.33744011     6.183     3.979
 2018.34017796     8.431     3.979
 2018.34291581     5.257     3.841
 2018.34565366    10.891     3.923
 2018.34839151    12.978     3.923
 2018.35112936    10.043     3.923
 2018.35386721    11.513     3.841
 2018.35660507    11.114     3.923
 2018.35934292     9.745     3.841
 2018.36208077     8.122     3.923
 2018.36481862     4.139     3.979
 2018.36755647     7.683     3.923
 2018.37029432     8.098     3.923
 2018.37303217     9.502     3.841
 2018.37577002     8.836     3.841
 2018.37850787     8.845     3.923
 2018.38124572     5.867     3.841
 2018.38398357     7.127     3.841
 2018.38672142    10.926     3.841
 2018.38945927     8.759     3.841
 2018.39219713     5.471     3.841
 2018.39493498     8.185     3.841
 2018.39767283     5.573     3.841
 2018.40041068     8.329     3.841
 2018.40314853     9.854     3.841
 2018.40588638    11.484     3.841
 2018.40862423     6.258     3.841
 2018.41136208     7.137     3.923
 2018.41409993    10.929     3.785
 2018.41683778    13.383     3.703
 2018.41957563    13.388     3.785
 2018.42231348    10.721     3.703
 2018.42505133    17.325     3.785
 2018.42778919    11.327     3.785
 2018.43052704     6.736     3.703
 2018.43326489    10.795     3.703
 2018.43600274     8.031     3.703
 2018.43874059    10.887     3.785
 2018.44147844     8.490     3.785
 2018.44421629     9.536     3.785
 2018.44695414     7.488     3.841
 2018.44969199    10.224     3.785
 2018.45242984     9.946     3.785
 2018.45516769     6.223     3.785
 2018.45790554     5.234     3.785
 2018.46064339     8.859     3.785
 2018.46338125     9.159     3.785
 2018.46611910    10.090     3.841
 2018.46885695    13.123     3.785
 2018.47159480     6.323     3.841
 2018.47433265     7.143     3.841
 2018.47707050     6.210     3.841
 2018.47980835     3.862     3.785
 2018.48254620    -0.842     3.785
 2018.48528405     6.762     3.703
 2018.48802190     9.233     3.785
 2018.49075975     7.882     3.785
 2018.49349760     3.084     3.785
 2018.49623546     7.134     3.785
 2018.49897331     7.165     3.785
 2018.50171116     5.421     3.785
 2018.50444901     9.082     3.785
 2018.50718686    11.967     3.785
 2018.50992471     8.000     3.785
 2018.51266256    16.280     3.785
 2018.51540041     5.732     3.785
 2018.51813826     8.566     3.785
 2018.52087611     8.841     3.785
 2018.52361396     9.312     3.841
 2018.52635181    11.991     3.785
 2018.52908966     2.196     3.785
 2018.53182752     7.011     3.785
 2018.53456537     7.365     3.785
 2018.53730322     7.284     3.785
 2018.54004107     9.289     3.785
 2018.54277892    12.755     3.785
 2018.54551677    10.900     3.785
 2018.54825462     9.064     3.785
 2018.55099247    10.279     3.785
 2018.55373032    12.354     3.785
 2018.55646817    11.769     3.785
 2018.55920602     8.251     3.841
 2018.56194387    11.085     3.785
 2018.56468172    12.253     3.785
 2018.56741958    10.681     3.785
 2018.57015743     6.844     3.841
 2018.57289528     3.641     3.923
 2018.57563313     3.402     3.923
 2018.57837098    10.120     3.923
 2018.58110883     3.678     3.923
 2018.58384668     7.070     3.923
 2018.58658453     9.757     3.923
 2018.58932238     4.350     3.841
 2018.59206023    11.086     3.785
 2018.59479808    11.332     3.785
 2018.59753593     7.889     3.785
 2018.60027379     8.082     3.785
 2018.60301164     6.808     3.923
 2018.60574949     9.131     3.841
 2018.60848734     8.358     3.785
 2018.61122519     4.617     3.785
 2018.61396304    13.245     3.785
 2018.61670089    10.364     3.785
 2018.61943874     7.513     3.785
 2018.62217659     8.218     3.785
 2018.62491444    10.221     3.785
 2018.62765229     6.150     3.923
 2018.63039014     8.372     3.785
 2018.63312799    14.322     3.785
 2018.63586585    11.255     3.785
 2018.63860370     8.768     3.785
 2018.64134155    11.499     3.866
 2018.64407940    11.360     4.017
 2018.64681725     5.949     3.923
 2018.64955510     7.611     3.785
 2018.65229295    10.361     3.841
 2018.65503080     7.229     3.841
 2018.65776865     4.775     3.785
 2018.66050650     6.963     3.785
 2018.66324435     2.474     3.785
 2018.66598220     5.121     3.841
 2018.66872005     2.899     3.785
 2018.67145791     1.494     3.841
 2018.67419576     4.939     3.841
 2018.67693361     4.014     3.841
 2018.67967146     7.159     3.785
 2018.68240931    15.026     3.841
 2018.68514716    11.411     3.979
 2018.68788501    12.681     3.785
 2018.69062286    13.248     3.785
 2018.69336071     9.534     3.785
 2018.69609856    12.010     3.785
 2018.69883641     7.483     3.841
 2018.70157426     9.111     3.785
 2018.70431211    10.838     3.841
 2018.70704997    11.104     3.785
 2018.70978782    11.166     3.785
 2018.71252567    11.055     3.841
 2018.71526352    11.066     3.785
 2018.71800137     8.393     3.785
 2018.72073922     8.723     3.785
 2018.72347707    11.408     3.923
 2018.72621492    14.584     3.923
 2018.72895277    15.303     3.785
 2018.73169062     1.342     3.785
 2018.73442847    -0.199     3.703
 2018.73716632    13.557     3.841
 2018.73990418     6.742     3.785
 2018.74264203     3.460     3.785
 2018.74537988     6.888     3.785
 2018.74811773     6.611     3.841
 2018.75085558     9.231     3.841
 2018.75359343    11.781     3.923
 2018.75633128     4.680     3.979
 2018.75906913     5.299     3.979
 2018.76180698    10.095     3.841
 2018.76454483     2.176     3.923
 2018.76728268     2.614     3.979
 2018.77002053     9.037     3.923
 2018.77275838     6.477     3.979
 2018.77549624     2.478     3.979
 2018.77823409     7.690     3.923
 2018.78097194     7.371     3.979
 2018.78370979     2.969     3.923
 2018.78644764    11.700     3.979
 2018.78918549     9.851     3.923
 2018.79192334     5.045     3.979
 2018.79466119     0.956     3.979
 2018.79739904     4.530     3.979
 2018.80013689     0.526     3.841
 2018.80287474     1.508     3.923
 2018.80561259     4.993     3.923
 2018.80835044     8.156     3.979
 2018.81108830    12.674     3.923
 2018.81382615     4.403     4.581
 2018.81656400     9.201     3.923
 2018.81930185     7.339     3.841
 2018.82203970     4.370     3.841
 2018.82477755     4.027     3.923
 2018.82751540     2.016     3.841
 2018.83025325     4.973     3.923
 2018.83299110     7.437     3.923
 2018.83572895     5.672     3.841
 2018.83846680     8.102     3.841
 2018.84120465     2.025     3.923
 2018.84394251     6.972     3.923
 2018.84668036     6.507     3.923
 2018.84941821     9.269     3.923
 2018.85215606     3.914     3.923
 2018.85489391     2.328     3.923
 2018.85763176     5.728     3.841
 2018.86036961    11.420     3.979
 2018.86310746    10.955     3.923
 2018.86584531    10.444     3.923
 2018.86858316     9.741     3.841
 2018.87132101     5.652     3.923
 2018.87405886     4.742     3.841
 2018.87679671     4.566     3.841
 2018.87953457     3.647     3.923
 2018.88227242     3.196     3.979
 2018.88501027    -0.438     3.923
 2018.88774812     7.909     3.923
 2018.89048597     6.077     3.979
 2018.89322382    12.797     3.923
 2018.89596167    10.603     3.923
 2018.89869952     9.744     4.060
 2018.90143737     8.716     3.923
 2018.90417522    15.862     3.979
 2018.90691307    12.000     3.923
 2018.90965092    11.509     3.923
 2018.91238877    20.031     3.923
 2018.91512663    15.828     4.060
 2018.91786448    16.105     3.979
 2018.92060233    17.070     3.923
 2018.92334018    11.165    11.044
 2018.92607803    17.568    10.906
 2018.92881588    10.547     3.923
 2018.93155373     9.046     3.979
 2018.93429158    33.148    11.257
 2018.93702943    15.408     3.923
 2018.93976728    17.283     3.923
 2018.94250513    15.808     3.979
 2018.94524298     3.964     3.841
 2018.94798084     7.409     3.841
 2018.95071869     4.506     3.841
 2018.95345654     0.826     3.979
 2018.95619439    -2.463     3.979
 2018.95893224    10.335     3.979
 2018.96167009    10.735     3.979
 2018.96440794     8.615     3.841
 2018.96714579     8.315     3.923
 2018.96988364     8.437     3.841
 2018.97262149     4.852     3.841
 2018.97535934     9.802     3.841
 2018.97809719    13.186     3.841
 2018.98083504     7.309     3.841
 2018.98357290     7.089     3.923
 2018.98631075     8.513     3.841
 2018.98904860     8.517     3.923
 2018.99178645    11.740     3.979
 2018.99452430    13.642     3.979
 2018.99726215     6.785     3.923
 2019.00000000     6.752     3.979
 2019.00273785    13.605     3.923
 2019.00547570    -2.613     3.923
 2019.00821355    -2.374     3.923
 2019.01095140     7.952     3.923
 2019.01368925     6.215     3.923
 2019.01642710     1.445     3.841
 2019.01916496     4.807     3.923
 2019.02190281    11.578     3.923
 2019.02464066     1.425     3.923
 2019.02737851     6.358     3.979
 2019.03011636     7.196     3.979
 2019.03285421    12.806     3.923
 2019.03559206    18.471     3.841
 2019.03832991    15.024     3.841
 2019.04106776    16.161     3.841
 2019.04380561    16.285     3.923
 2019.04654346    13.079     3.923
 2019.04928131     6.500     3.979
 2019.05201916     6.045     3.979
 2019.05475702     5.068     3.979
 2019.05749487     5.871     3.923
 2019.06023272    14.822     3.923
 2019.06297057    15.453     3.923
 2019.06570842    12.092     4.060
 2019.06844627     9.651     4.060
 2019.07118412     9.364     3.979
 2019.07392197    11.284     3.923
 2019.07665982    17.704     3.841
 2019.07939767    19.304     3.841
 2019.08213552    17.054     3.841
 2019.08487337    10.568     3.979
 2019.08761123    10.748     3.979
 2019.09034908    10.002     3.923
 2019.09308693     7.732     3.841
 2019.09582478     7.138     3.841
 2019.09856263     7.310     3.841
 2019.10130048     7.502     3.923
 2019.10403833     8.995     3.979
 2019.10677618    18.580     3.923
 2019.10951403    11.253     3.841
 2019.11225188    11.995     3.841
 2019.11498973    11.299     3.923
 2019.11772758     8.234     4.060
 2019.12046543     2.374     3.923
 2019.12320329    -3.811     3.979
 2019.12594114     2.815     3.923
 2019.12867899     7.351     3.841
 2019.13141684     7.338     3.979
 2019.13415469     9.281     3.841
 2019.13689254     9.913     3.979
 2019.13963039     8.241     3.841
